names            s            l            betx         bety         dx           dy          
MO.22R1.B2          1.023e+03  320.000e-03  176.002       32.563        2.178        0.       
MO.24R1.B2          1.130e+03  320.000e-03  176.002       32.563        2.178        0.       
MO.25R1.B2          1.183e+03  320.000e-03   32.562      176.016        1.080        0.       
MO.26R1.B2          1.237e+03  320.000e-03  176.002       32.563        2.178        0.       
MO.28R1.B2          1.344e+03  320.000e-03  176.002       32.563        2.178        0.       
MO.29R1.B2          1.397e+03  320.000e-03   32.562      176.016        1.080        0.       
MO.30R1.B2          1.451e+03  320.000e-03  176.002       32.563        2.178        0.       
MO.31R1.B2          1.504e+03  320.000e-03   32.562      176.016        1.080        0.       
MO.32R1.B2          1.558e+03  320.000e-03  176.002       32.563        2.178        0.       
MO.33R1.B2          1.611e+03  320.000e-03   32.562      176.016        1.080        0.       
MO.34R1.B2          1.665e+03  320.000e-03  176.002       32.563        2.178        0.       
MO.33L2.B2          1.718e+03  320.000e-03   32.562      176.016        1.080        0.       
MO.32L2.B2          1.771e+03  320.000e-03  176.002       32.563        2.178        0.       
MO.31L2.B2          1.825e+03  320.000e-03   32.562      176.016        1.080        0.       
MO.30L2.B2          1.878e+03  320.000e-03  176.002       32.563        2.178        0.       
MO.29L2.B2          1.932e+03  320.000e-03   32.562      176.016        1.080        0.       
MO.28L2.B2          1.985e+03  320.000e-03  176.002       32.563        2.178        0.       
MO.26L2.B2          2.092e+03  320.000e-03  176.002       32.563        2.178        0.       
MO.25L2.B2          2.146e+03  320.000e-03   32.562      176.016        1.080        0.       
MO.24L2.B2          2.199e+03  320.000e-03  176.002       32.563        2.178        0.       
MO.22L2.B2          2.306e+03  320.000e-03  176.002       32.563        2.178        0.       
MO.22R2.B2          4.355e+03  320.000e-03   31.725      176.824        1.048        0.       
MO.24R2.B2          4.462e+03  320.000e-03   31.725      176.824        1.048        0.       
MO.25R2.B2          4.515e+03  320.000e-03  176.150       32.397        2.125        0.       
MO.26R2.B2          4.569e+03  320.000e-03   31.725      176.824        1.048        0.       
MO.28R2.B2          4.676e+03  320.000e-03   31.725      176.824        1.048        0.       
MO.29R2.B2          4.729e+03  320.000e-03  176.150       32.397        2.125        0.       
MO.30R2.B2          4.783e+03  320.000e-03   31.725      176.824        1.048        0.       
MO.31R2.B2          4.836e+03  320.000e-03  176.150       32.397        2.125        0.       
MO.32R2.B2          4.890e+03  320.000e-03   31.725      176.824        1.048        0.       
MO.33R2.B2          4.943e+03  320.000e-03  176.150       32.397        2.125        0.       
MO.34R2.B2          4.996e+03  320.000e-03   31.725      176.824        1.048        0.       
MO.33L3.B2          5.050e+03  320.000e-03  176.150       32.397        2.125        0.       
MO.32L3.B2          5.103e+03  320.000e-03   31.725      176.824        1.048        0.       
MO.31L3.B2          5.157e+03  320.000e-03  176.150       32.397        2.125        0.       
MO.30L3.B2          5.210e+03  320.000e-03   31.725      176.824        1.048        0.       
MO.29L3.B2          5.264e+03  320.000e-03  176.150       32.397        2.125        0.       
MO.28L3.B2          5.317e+03  320.000e-03   31.725      176.824        1.048        0.       
MO.26L3.B2          5.424e+03  320.000e-03   31.725      176.824        1.048        0.       
MO.25L3.B2          5.477e+03  320.000e-03  176.150       32.397        2.125        0.       
MO.24L3.B2          5.531e+03  320.000e-03   31.725      176.824        1.048        0.       
MO.22L3.B2          5.638e+03  320.000e-03   31.725      176.824        1.048        0.       
MO.22R3.B2          7.688e+03  320.000e-03  176.150       32.397        2.125        0.       
MO.24R3.B2          7.795e+03  320.000e-03  176.150       32.397        2.125        0.       
MO.25R3.B2          7.848e+03  320.000e-03   31.725      176.824        1.048        0.       
MO.26R3.B2          7.902e+03  320.000e-03  176.150       32.397        2.125        0.       
MO.28R3.B2          8.009e+03  320.000e-03  176.150       32.397        2.125        0.       
MO.29R3.B2          8.062e+03  320.000e-03   31.725      176.824        1.048        0.       
MO.30R3.B2          8.115e+03  320.000e-03  176.150       32.397        2.125        0.       
MO.31R3.B2          8.169e+03  320.000e-03   31.725      176.824        1.048        0.       
MO.32R3.B2          8.222e+03  320.000e-03  176.150       32.397        2.125        0.       
MO.33R3.B2          8.276e+03  320.000e-03   31.725      176.824        1.048        0.       
MO.34R3.B2          8.329e+03  320.000e-03  176.150       32.397        2.125        0.       
MO.33L4.B2          8.383e+03  320.000e-03   31.725      176.824        1.048        0.       
MO.32L4.B2          8.436e+03  320.000e-03  176.150       32.397        2.125        0.       
MO.31L4.B2          8.490e+03  320.000e-03   31.725      176.824        1.048        0.       
MO.30L4.B2          8.543e+03  320.000e-03  176.150       32.397        2.125        0.       
MO.29L4.B2          8.597e+03  320.000e-03   31.725      176.824        1.048        0.       
MO.28L4.B2          8.650e+03  320.000e-03  176.150       32.397        2.125        0.       
MO.26L4.B2          8.757e+03  320.000e-03  176.150       32.397        2.125        0.       
MO.25L4.B2          8.810e+03  320.000e-03   31.725      176.824        1.048        0.       
MO.24L4.B2          8.864e+03  320.000e-03  176.150       32.397        2.125        0.       
MO.22L4.B2          8.971e+03  320.000e-03  176.150       32.397        2.125        0.       
MO.22R4.B2         11.020e+03  320.000e-03   32.560      176.030        1.080        0.       
MO.24R4.B2         11.127e+03  320.000e-03   32.560      176.030        1.080        0.       
MO.25R4.B2         11.180e+03  320.000e-03  176.016       32.560        2.178        0.       
MO.26R4.B2         11.234e+03  320.000e-03   32.560      176.030        1.080        0.       
MO.28R4.B2         11.341e+03  320.000e-03   32.560      176.030        1.080        0.       
MO.29R4.B2         11.394e+03  320.000e-03  176.016       32.560        2.178        0.       
MO.30R4.B2         11.448e+03  320.000e-03   32.560      176.030        1.080        0.       
MO.31R4.B2         11.501e+03  320.000e-03  176.016       32.560        2.178        0.       
MO.32R4.B2         11.554e+03  320.000e-03   32.560      176.030        1.080        0.       
MO.33R4.B2         11.608e+03  320.000e-03  176.016       32.560        2.178        0.       
MO.34R4.B2         11.661e+03  320.000e-03   32.560      176.030        1.080        0.       
MO.33L5.B2         11.715e+03  320.000e-03  176.016       32.560        2.178        0.       
MO.32L5.B2         11.768e+03  320.000e-03   32.560      176.030        1.080        0.       
MO.31L5.B2         11.822e+03  320.000e-03  176.016       32.560        2.178        0.       
MO.30L5.B2         11.875e+03  320.000e-03   32.560      176.030        1.080        0.       
MO.29L5.B2         11.929e+03  320.000e-03  176.016       32.560        2.178        0.       
MO.28L5.B2         11.982e+03  320.000e-03   32.560      176.030        1.080        0.       
MO.26L5.B2         12.089e+03  320.000e-03   32.560      176.030        1.080        0.       
MO.25L5.B2         12.142e+03  320.000e-03  176.016       32.560        2.178        0.       
MO.24L5.B2         12.196e+03  320.000e-03   32.560      176.030        1.080        0.       
MO.22L5.B2         12.303e+03  320.000e-03   32.560      176.030        1.080        0.       
MO.22R5.B2         14.353e+03  320.000e-03  176.002       32.563        2.178        0.       
MO.24R5.B2         14.460e+03  320.000e-03  176.002       32.563        2.178        0.       
MO.25R5.B2         14.513e+03  320.000e-03   32.562      176.016        1.080        0.       
MO.26R5.B2         14.567e+03  320.000e-03  176.002       32.563        2.178        0.       
MO.28R5.B2         14.673e+03  320.000e-03  176.002       32.563        2.178        0.       
MO.29R5.B2         14.727e+03  320.000e-03   32.562      176.016        1.080        0.       
MO.30R5.B2         14.780e+03  320.000e-03  176.002       32.563        2.178        0.       
MO.31R5.B2         14.834e+03  320.000e-03   32.562      176.016        1.080        0.       
MO.32R5.B2         14.887e+03  320.000e-03  176.002       32.563        2.178        0.       
MO.33R5.B2         14.941e+03  320.000e-03   32.562      176.016        1.080        0.       
MO.34R5.B2         14.994e+03  320.000e-03  176.002       32.563        2.178        0.       
MO.33L6.B2         15.048e+03  320.000e-03   32.562      176.016        1.080        0.       
MO.32L6.B2         15.101e+03  320.000e-03  176.002       32.563        2.178        0.       
MO.31L6.B2         15.154e+03  320.000e-03   32.562      176.016        1.080        0.       
MO.30L6.B2         15.208e+03  320.000e-03  176.002       32.563        2.178        0.       
MO.29L6.B2         15.261e+03  320.000e-03   32.562      176.016        1.080        0.       
MO.28L6.B2         15.315e+03  320.000e-03  176.002       32.563        2.178        0.       
MO.26L6.B2         15.422e+03  320.000e-03  176.002       32.563        2.178        0.       
MO.25L6.B2         15.475e+03  320.000e-03   32.562      176.016        1.080        0.       
MO.24L6.B2         15.529e+03  320.000e-03  176.002       32.563        2.178        0.       
MO.22L6.B2         15.635e+03  320.000e-03  176.002       32.563        2.178        0.       
MO.22R6.B2         17.685e+03  320.000e-03   31.727      176.810        1.048        0.       
MO.24R6.B2         17.791e+03  320.000e-03   31.727      176.810        1.048        0.       
MO.25R6.B2         17.845e+03  320.000e-03  176.136       32.399        2.125        0.       
MO.26R6.B2         17.898e+03  320.000e-03   31.727      176.810        1.048        0.       
MO.28R6.B2         18.005e+03  320.000e-03   31.727      176.810        1.048        0.       
MO.29R6.B2         18.059e+03  320.000e-03  176.136       32.399        2.125        0.       
MO.30R6.B2         18.112e+03  320.000e-03   31.727      176.810        1.048        0.       
MO.31R6.B2         18.166e+03  320.000e-03  176.136       32.399        2.125        0.       
MO.32R6.B2         18.219e+03  320.000e-03   31.727      176.810        1.048        0.       
MO.33R6.B2         18.273e+03  320.000e-03  176.136       32.399        2.125        0.       
MO.34R6.B2         18.326e+03  320.000e-03   31.727      176.810        1.048        0.       
MO.33L7.B2         18.379e+03  320.000e-03  176.136       32.399        2.125        0.       
MO.32L7.B2         18.433e+03  320.000e-03   31.727      176.810        1.048        0.       
MO.31L7.B2         18.486e+03  320.000e-03  176.136       32.399        2.125        0.       
MO.30L7.B2         18.540e+03  320.000e-03   31.727      176.810        1.048        0.       
MO.29L7.B2         18.593e+03  320.000e-03  176.136       32.399        2.125        0.       
MO.28L7.B2         18.647e+03  320.000e-03   31.727      176.810        1.048        0.       
MO.26L7.B2         18.754e+03  320.000e-03   31.727      176.810        1.048        0.       
MO.25L7.B2         18.807e+03  320.000e-03  176.136       32.399        2.125        0.       
MO.24L7.B2         18.860e+03  320.000e-03   31.727      176.810        1.048        0.       
MO.22L7.B2         18.967e+03  320.000e-03   31.727      176.810        1.048        0.       
MO.22R7.B2         21.017e+03  320.000e-03  176.136       32.399        2.125        0.       
MO.24R7.B2         21.124e+03  320.000e-03  176.136       32.399        2.125        0.       
MO.25R7.B2         21.178e+03  320.000e-03   31.727      176.810        1.048        0.       
MO.26R7.B2         21.231e+03  320.000e-03  176.136       32.399        2.125        0.       
MO.28R7.B2         21.338e+03  320.000e-03  176.136       32.399        2.125        0.       
MO.29R7.B2         21.391e+03  320.000e-03   31.727      176.810        1.048        0.       
MO.30R7.B2         21.445e+03  320.000e-03  176.136       32.399        2.125        0.       
MO.31R7.B2         21.498e+03  320.000e-03   31.727      176.810        1.048        0.       
MO.32R7.B2         21.552e+03  320.000e-03  176.136       32.399        2.125        0.       
MO.33R7.B2         21.605e+03  320.000e-03   31.727      176.810        1.048        0.       
MO.34R7.B2         21.659e+03  320.000e-03  176.136       32.399        2.125        0.       
MO.33L8.B2         21.712e+03  320.000e-03   31.727      176.810        1.048        0.       
MO.32L8.B2         21.766e+03  320.000e-03  176.136       32.399        2.125        0.       
MO.31L8.B2         21.819e+03  320.000e-03   31.727      176.810        1.048        0.       
MO.30L8.B2         21.872e+03  320.000e-03  176.136       32.399        2.125        0.       
MO.29L8.B2         21.926e+03  320.000e-03   31.727      176.810        1.048        0.       
MO.28L8.B2         21.979e+03  320.000e-03  176.136       32.399        2.125        0.       
MO.26L8.B2         22.086e+03  320.000e-03  176.136       32.399        2.125        0.       
MO.25L8.B2         22.140e+03  320.000e-03   31.727      176.810        1.048        0.       
MO.24L8.B2         22.193e+03  320.000e-03  176.136       32.399        2.125        0.       
MO.22L8.B2         22.300e+03  320.000e-03  176.136       32.399        2.125        0.       
MO.22R8.B2         24.349e+03  320.000e-03   32.560      176.030        1.080        0.       
MO.24R8.B2         24.456e+03  320.000e-03   32.560      176.030        1.080        0.       
MO.25R8.B2         24.510e+03  320.000e-03  176.016       32.560        2.178        0.       
MO.26R8.B2         24.563e+03  320.000e-03   32.560      176.030        1.080        0.       
MO.28R8.B2         24.670e+03  320.000e-03   32.560      176.030        1.080        0.       
MO.29R8.B2         24.723e+03  320.000e-03  176.016       32.560        2.178        0.       
MO.30R8.B2         24.777e+03  320.000e-03   32.560      176.030        1.080        0.       
MO.31R8.B2         24.830e+03  320.000e-03  176.016       32.560        2.178        0.       
MO.32R8.B2         24.884e+03  320.000e-03   32.560      176.030        1.080        0.       
MO.33R8.B2         24.937e+03  320.000e-03  176.016       32.560        2.178        0.       
MO.34R8.B2         24.991e+03  320.000e-03   32.560      176.030        1.080        0.       
MO.33L1.B2         25.044e+03  320.000e-03  176.016       32.560        2.178        0.       
MO.32L1.B2         25.098e+03  320.000e-03   32.560      176.030        1.080        0.       
MO.31L1.B2         25.151e+03  320.000e-03  176.016       32.560        2.178        0.       
MO.30L1.B2         25.204e+03  320.000e-03   32.560      176.030        1.080        0.       
MO.29L1.B2         25.258e+03  320.000e-03  176.016       32.560        2.178        0.       
MO.28L1.B2         25.311e+03  320.000e-03   32.560      176.030        1.080        0.       
MO.26L1.B2         25.418e+03  320.000e-03   32.560      176.030        1.080        0.       
MO.25L1.B2         25.472e+03  320.000e-03  176.016       32.560        2.178        0.       
MO.24L1.B2         25.525e+03  320.000e-03   32.560      176.030        1.080        0.       
MO.22L1.B2         25.632e+03  320.000e-03   32.560      176.030        1.080        0.       