names            s            l            betx         bety         dx           dy          
MO.22R1.B1          1.023e+03  320.000e-03   30.064      178.789      974.249e-03 -114.488e-03
MO.24R1.B1          1.130e+03  320.000e-03   30.064      178.789        1.068     -272.431e-03
MO.25R1.B1          1.184e+03  320.000e-03  175.459       33.583        2.131      -59.689e-03
MO.26R1.B1          1.237e+03  320.000e-03   30.064      178.789      966.104e-03   90.787e-03
MO.28R1.B1          1.344e+03  320.000e-03   30.064      178.789      889.478e-03  280.329e-03
MO.29R1.B1          1.397e+03  320.000e-03  175.459       33.583        1.900       69.127e-03
MO.30R1.B1          1.451e+03  320.000e-03   30.064      178.789        1.005      -66.399e-03
MO.31R1.B1          1.504e+03  320.000e-03  175.459       33.583        2.202     -102.463e-03
MO.32R1.B1          1.558e+03  320.000e-03   30.064      178.789        1.062     -286.106e-03
MO.33R1.B1          1.611e+03  320.000e-03  175.459       33.583        2.066      -78.041e-03
MO.34R1.B1          1.665e+03  320.000e-03   30.064      178.789      936.950e-03   41.508e-03
MO.33L2.B1          1.718e+03  320.000e-03  175.459       33.583        1.787       95.673e-03
MO.32L2.B1          1.771e+03  320.000e-03   30.064      178.789      900.917e-03  289.717e-03
MO.31L2.B1          1.825e+03  320.000e-03  175.459       33.583        1.970       86.364e-03
MO.30L2.B1          1.878e+03  320.000e-03   30.064      178.789        1.032      -16.303e-03
MO.29L2.B1          1.932e+03  320.000e-03  175.459       33.583        2.218      -88.160e-03
MO.28L2.B1          1.985e+03  320.000e-03   30.064      178.789        1.046     -291.136e-03
MO.26L2.B1          2.092e+03  320.000e-03   30.064      178.789      912.450e-03   -9.025e-03
MO.25L2.B1          2.146e+03  320.000e-03  175.459       33.583        1.783       79.979e-03
MO.24L2.B1          2.199e+03  320.000e-03   30.064      178.789      921.112e-03  290.350e-03
MO.22L2.B1          2.306e+03  320.000e-03   30.064      178.789        1.053       34.286e-03
MO.22R2.B1          4.355e+03  320.000e-03  175.443       33.586        1.997       82.740e-03
MO.24R2.B1          4.462e+03  320.000e-03  175.443       33.586        1.776     -119.639e-03
MO.25R2.B1          4.515e+03  320.000e-03   30.067      178.776      918.087e-03 -337.455e-03
MO.26R2.B1          4.569e+03  320.000e-03  175.443       33.586        2.040      -93.175e-03
MO.28R2.B1          4.676e+03  320.000e-03  175.443       33.586        2.216      111.512e-03
MO.29R2.B1          4.729e+03  320.000e-03   30.067      178.776        1.025      341.381e-03
MO.30R2.B1          4.783e+03  320.000e-03  175.443       33.586        1.923      102.901e-03
MO.31R2.B1          4.836e+03  320.000e-03   30.066      178.776      894.045e-03  -15.235e-03
MO.32R2.B1          4.890e+03  320.000e-03  175.443       33.586        1.796     -102.537e-03
MO.33R2.B1          4.943e+03  320.000e-03   30.067      178.776      945.105e-03 -342.710e-03
MO.34R2.B1          4.997e+03  320.000e-03  175.443       33.586        2.111     -111.845e-03
MO.33L3.B1          5.050e+03  320.000e-03   30.066      178.776        1.067      -14.657e-03
MO.32L3.B1          5.103e+03  320.000e-03  175.443       33.586        2.185       92.781e-03
MO.31L3.B1          5.157e+03  320.000e-03   30.067      178.776      995.595e-03  341.431e-03
MO.30L3.B1          5.210e+03  320.000e-03  175.443       33.586        1.857      119.937e-03
MO.29L3.B1          5.264e+03  320.000e-03   30.066      178.776      885.508e-03   44.438e-03
MO.28L3.B1          5.317e+03  320.000e-03  175.443       33.586        1.839      -82.320e-03
MO.26L3.B1          5.424e+03  320.000e-03  175.443       33.586        2.170     -127.118e-03
MO.25L3.B1          5.478e+03  320.000e-03   30.066      178.776        1.071      -73.880e-03
MO.24L3.B1          5.531e+03  320.000e-03  175.443       33.586        2.132       71.232e-03
MO.22L3.B1          5.638e+03  320.000e-03  175.443       33.586        1.808      133.331e-03
MO.22R3.B1          7.688e+03  320.000e-03   30.066      178.776        1.070      193.291e-03
MO.24R3.B1          7.795e+03  320.000e-03   30.066      178.776      960.115e-03 -274.300e-03
MO.25R3.B1          7.848e+03  320.000e-03  175.443       33.586        1.803     -148.129e-03
MO.26R3.B1          7.902e+03  320.000e-03   30.066      178.776      888.529e-03 -217.217e-03
MO.28R3.B1          8.009e+03  320.000e-03   30.066      178.776        1.011      255.354e-03
MO.29R3.B1          8.062e+03  320.000e-03  175.443       33.586        2.212      148.530e-03
MO.30R3.B1          8.115e+03  320.000e-03   30.067      178.776        1.062      239.489e-03
MO.31R3.B1          8.169e+03  320.000e-03  175.443       33.586        2.054        8.361e-03
MO.32R3.B1          8.222e+03  320.000e-03   30.066      178.775      930.830e-03 -234.465e-03
MO.33R3.B1          8.276e+03  320.000e-03  175.443       33.586        1.778     -147.801e-03
MO.34R3.B1          8.329e+03  320.000e-03   30.067      178.776      902.053e-03 -259.940e-03
MO.33L4.B1          8.383e+03  320.000e-03  175.443       33.586        1.983      -21.252e-03
MO.32L4.B1          8.436e+03  320.000e-03   30.066      178.775        1.038      211.792e-03
MO.31L4.B1          8.490e+03  320.000e-03  175.443       33.586        2.224      145.947e-03
MO.30L4.B1          8.543e+03  320.000e-03   30.067      178.776        1.044      278.413e-03
MO.29L4.B1          8.596e+03  320.000e-03  175.443       33.586        1.979       33.982e-03
MO.28L4.B1          8.650e+03  320.000e-03   30.066      178.775      906.890e-03 -187.508e-03
MO.26L4.B1          8.757e+03  320.000e-03   30.067      178.776      924.192e-03 -294.768e-03
MO.25L4.B1          8.810e+03  320.000e-03  175.443       33.586        2.058      -46.454e-03
MO.24L4.B1          8.864e+03  320.000e-03   30.066      178.775        1.058      161.798e-03
MO.22L4.B1          8.971e+03  320.000e-03   30.067      178.776        1.018      308.881e-03
MO.22R4.B1         11.020e+03  320.000e-03  175.443       33.586        1.805       67.744e-03
MO.24R4.B1         11.127e+03  320.000e-03  175.443       33.586        2.128     -129.115e-03
MO.25R4.B1         11.180e+03  320.000e-03   30.066      178.776        1.069     -328.147e-03
MO.26R4.B1         11.233e+03  320.000e-03  175.443       33.586        2.173      -79.005e-03
MO.28R4.B1         11.340e+03  320.000e-03  175.443       33.586        1.842      122.224e-03
MO.29R4.B1         11.394e+03  320.000e-03   30.066      178.776      884.993e-03  335.512e-03
MO.30R4.B1         11.447e+03  320.000e-03  175.443       33.586        1.854       89.666e-03
MO.31R4.B1         11.501e+03  320.000e-03   30.066      178.776      984.130e-03  -55.173e-03
MO.32R4.B1         11.554e+03  320.000e-03  175.443       33.586        2.182     -114.403e-03
MO.33R4.B1         11.608e+03  320.000e-03   30.066      178.776        1.070     -340.324e-03
MO.34R4.B1         11.661e+03  320.000e-03  175.443       33.586        2.115      -99.645e-03
MO.33L5.B1         11.715e+03  320.000e-03   30.066      178.776      956.155e-03   25.489e-03
MO.32L5.B1         11.768e+03  320.000e-03  175.443       33.586        1.798      105.712e-03
MO.31L5.B1         11.821e+03  320.000e-03   30.066      178.776      889.723e-03  342.547e-03
MO.30L5.B1         11.875e+03  320.000e-03  175.443       33.586        1.919      108.865e-03
MO.29L5.B1         11.928e+03  320.000e-03   30.066      178.776        1.015        4.389e-03
MO.28L5.B1         11.982e+03  320.000e-03  175.443       33.586        2.215      -96.216e-03
MO.26L5.B1         12.089e+03  320.000e-03  175.443       33.586        2.045     -117.257e-03
MO.25L5.B1         12.142e+03  320.000e-03   30.066      178.776      927.381e-03  -34.234e-03
MO.24L5.B1         12.196e+03  320.000e-03  175.443       33.586        1.777       85.989e-03
MO.22L5.B1         12.302e+03  320.000e-03  175.443       33.586        1.993      124.757e-03
MO.22R5.B1         14.352e+03  320.000e-03   30.064      178.789        1.028      290.484e-03
MO.24R5.B1         14.459e+03  320.000e-03   30.064      178.789      880.028e-03  200.154e-03
MO.25R5.B1         14.513e+03  320.000e-03  175.459       33.583        1.771      -15.008e-03
MO.26R5.B1         14.566e+03  320.000e-03   30.064      178.789      944.058e-03 -273.070e-03
MO.28R5.B1         14.673e+03  320.000e-03   30.064      178.789        1.081     -223.911e-03
MO.29R5.B1         14.727e+03  320.000e-03  175.459       33.583        2.206        1.988e-03
MO.30R5.B1         14.780e+03  320.000e-03   30.064      178.789      994.063e-03  253.590e-03
MO.31R5.B1         14.834e+03  320.000e-03  175.459       33.583        1.829      149.822e-03
MO.32R5.B1         14.887e+03  320.000e-03   30.064      178.789      871.561e-03  245.973e-03
MO.33R5.B1         14.940e+03  320.000e-03  175.459       33.583        1.823       11.046e-03
MO.34R5.B1         14.994e+03  320.000e-03   30.064      178.789      979.579e-03 -232.191e-03
MO.33L6.B1         15.047e+03  320.000e-03  175.459       33.583        2.201     -148.861e-03
MO.32L6.B1         15.101e+03  320.000e-03   30.064      178.789        1.084     -266.173e-03
MO.31L6.B1         15.154e+03  320.000e-03  175.459       33.583        2.143      -23.997e-03
MO.30L6.B1         15.208e+03  320.000e-03   30.064      178.789      958.127e-03  209.034e-03
MO.29L6.B1         15.261e+03  320.000e-03  175.459       33.583        1.775      146.773e-03
MO.28L6.B1         15.315e+03  320.000e-03   30.064      178.789      875.193e-03  284.359e-03
MO.26L6.B1         15.421e+03  320.000e-03   30.064      178.789        1.015     -184.295e-03
MO.25L6.B1         15.475e+03  320.000e-03  175.459       33.583        2.243     -143.574e-03
MO.24L6.B1         15.528e+03  320.000e-03   30.064      178.789        1.074     -300.392e-03
MO.22L6.B1         15.635e+03  320.000e-03   30.064      178.789      924.433e-03  158.162e-03
MO.22R6.B1         17.684e+03  320.000e-03  175.459       33.583        1.933       16.600e-03
MO.24R6.B1         17.791e+03  320.000e-03  175.459       33.583        2.253      149.549e-03
MO.25R6.B1         17.845e+03  320.000e-03   30.064      178.789        1.066      221.082e-03
MO.26R6.B1         17.898e+03  320.000e-03  175.459       33.583        2.024       -3.589e-03
MO.28R6.B1         18.005e+03  320.000e-03  175.459       33.583        1.742     -149.862e-03
MO.29R6.B1         18.059e+03  320.000e-03   30.064      178.789      901.146e-03 -243.362e-03
MO.30R6.B1         18.112e+03  320.000e-03  175.459       33.583        2.019       -9.448e-03
MO.31R6.B1         18.166e+03  320.000e-03   30.064      178.789        1.058      234.916e-03
MO.32R6.B1         18.219e+03  320.000e-03  175.459       33.583        2.254      149.040e-03
MO.33R6.B1         18.272e+03  320.000e-03   30.064      178.789        1.041      263.799e-03
MO.34R6.B1         18.326e+03  320.000e-03  175.459       33.583        1.937       22.415e-03
MO.33L7.B1         18.379e+03  320.000e-03   30.064      178.789      886.985e-03 -211.966e-03
MO.32L7.B1         18.433e+03  320.000e-03  175.459       33.583        1.756     -147.090e-03
MO.31L7.B1         18.486e+03  320.000e-03   30.064      178.789      930.100e-03 -282.240e-03
MO.30L7.B1         18.540e+03  320.000e-03  175.459       33.583        2.104      -35.211e-03
MO.29L7.B1         18.593e+03  320.000e-03   30.064      178.789        1.077      187.411e-03
MO.28L7.B1         18.647e+03  320.000e-03  175.459       33.583        2.226      144.026e-03
MO.26L7.B1         18.753e+03  320.000e-03  175.459       33.583        1.858       47.741e-03
MO.25L7.B1         18.807e+03  320.000e-03   30.064      178.789      873.659e-03 -161.439e-03
MO.24L7.B1         18.860e+03  320.000e-03  175.459       33.583        1.798     -139.873e-03
MO.22L7.B1         18.967e+03  320.000e-03  175.459       33.583        2.176      -59.910e-03
MO.22R7.B1         21.017e+03  320.000e-03   30.064      178.789      922.528e-03   75.324e-03
MO.24R7.B1         21.124e+03  320.000e-03   30.064      178.789        1.073      340.502e-03
MO.25R7.B1         21.178e+03  320.000e-03  175.459       33.583        2.235       93.933e-03
MO.26R7.B1         21.231e+03  320.000e-03   30.064      178.789        1.017      -45.701e-03
MO.28R7.B1         21.338e+03  320.000e-03   30.064      178.789      875.807e-03 -344.478e-03
MO.29R7.B1         21.391e+03  320.000e-03  175.459       33.583        1.786     -103.730e-03
MO.30R7.B1         21.445e+03  320.000e-03   30.064      178.789      955.955e-03   15.732e-03
MO.31R7.B1         21.498e+03  320.000e-03  175.459       33.583        2.160      103.585e-03
MO.32R7.B1         21.552e+03  320.000e-03   30.064      178.789        1.084      345.847e-03
MO.33R7.B1         21.605e+03  320.000e-03  175.459       33.583        2.187      112.742e-03
MO.34R7.B1         21.659e+03  320.000e-03   30.064      178.789      981.793e-03   14.357e-03
MO.33L8.B1         21.712e+03  320.000e-03  175.459       33.583        1.808      -93.777e-03
MO.32L8.B1         21.766e+03  320.000e-03   30.064      178.789      871.432e-03 -344.598e-03
MO.31L8.B1         21.819e+03  320.000e-03  175.459       33.583        1.845     -120.900e-03
MO.30L8.B1         21.873e+03  320.000e-03   30.064      178.789      991.871e-03  -44.336e-03
MO.29L8.B1         21.926e+03  320.000e-03  175.459       33.583        2.218       83.258e-03
MO.28L8.B1         21.979e+03  320.000e-03   30.064      178.789        1.082      340.741e-03
MO.26L8.B1         22.086e+03  320.000e-03   30.064      178.789      946.166e-03   73.980e-03
MO.25L8.B1         22.140e+03  320.000e-03  175.459       33.583        1.762      -72.110e-03
MO.24L8.B1         22.193e+03  320.000e-03   30.064      178.789      879.171e-03 -334.304e-03
MO.22L8.B1         22.300e+03  320.000e-03   30.064      178.789        1.026     -103.064e-03
MO.22R8.B1         24.349e+03  320.000e-03  175.443       33.586        1.811       82.111e-03
MO.24R8.B1         24.456e+03  320.000e-03  175.443       33.586        2.156      130.121e-03
MO.25R8.B1         24.510e+03  320.000e-03   30.066      178.776        1.075       79.228e-03
MO.26R8.B1         24.563e+03  320.000e-03  175.443       33.586        2.162      -70.761e-03
MO.28R8.B1         24.670e+03  320.000e-03  175.443       33.586        1.816     -136.293e-03
MO.29R8.B1         24.723e+03  320.000e-03   30.066      178.776      880.882e-03 -108.478e-03
MO.30R8.B1         24.777e+03  320.000e-03  175.443       33.586        1.869       58.873e-03
MO.31R8.B1         24.830e+03  320.000e-03   30.066      178.776      995.865e-03  325.888e-03
MO.32R8.B1         24.884e+03  320.000e-03  175.443       33.586        2.206      141.428e-03
MO.33R8.B1         24.937e+03  320.000e-03   30.066      178.776        1.072      136.903e-03
MO.34R8.B1         24.991e+03  320.000e-03  175.443       33.586        2.096      -46.538e-03
MO.33L1.B1         25.044e+03  320.000e-03   30.066      178.776      944.060e-03 -313.947e-03
MO.32L1.B1         25.098e+03  320.000e-03  175.443       33.586        1.777     -145.487e-03
MO.31L1.B1         25.151e+03  320.000e-03   30.067      178.775      889.641e-03 -164.286e-03
MO.30L1.B1         25.204e+03  320.000e-03  175.443       33.586        1.941       33.848e-03
MO.29L1.B1         25.258e+03  320.000e-03   30.066      178.776        1.027      299.617e-03
MO.28L1.B1         25.311e+03  320.000e-03  175.443       33.586        2.232      148.439e-03
MO.26L1.B1         25.418e+03  320.000e-03  175.443       33.586        2.019      -20.901e-03
MO.25L1.B1         25.472e+03  320.000e-03   30.066      178.776      915.604e-03 -283.008e-03
MO.24L1.B1         25.525e+03  320.000e-03  175.443       33.586        1.764     -150.262e-03
MO.22L1.B1         25.632e+03  320.000e-03  175.443       33.586        2.020        7.794e-03