ID	name	angle[rad]	betax[m]	betay[m]	halfgap[m]	Material	Length[m]	sigx[m]	sigy[m]	tilt1[rad]	tilt2[rad]	nsig
1	TCL.4L1.B2	0	385.6517907	1074.721721	0.0066211346	CU	1	0.00044141	0.00073687	0	0	15
2	TCL.5L1.B2	0	121.5265886	629.5261321	0.0037168103	CU	1	0.00024779	0.00056396	0	0	15
4	TCTPH.4R8.B2	0	241.1571696	301.7606476	0.0052358215	W	1	0.00034905	0.00039046	0	0	15
6	TCTPV.4R8.B2	1.57079632	251.6986739	302.9580807	0.0058684852	W	1	0.0003566	0.00039123	0	0	15
5	TDI.4R8.B2	1.57079632	480.9753483	328.9238697	0.4072458474	C	4	0.00049295	0.00040765	0	0	999
7	TCLIA.4L8	1.57079632	335.2036451	536.5723144	0.5201434086	C	1	0.00041153	0.00052066	0	0	999
8	TCLIB.6L8.B2	1.57079632	74.69206412	9.765165948	0.0701695648	C	1	0.00019426	0.00007024	0	0	999
9	TCP.D6R7.B2	1.57079632	158.8661762	78.26267746	0.001093663	C	0.6	0.00028331	0.00019885	0	0	5.5
10	TCP.C6R7.B2	0	150.5239836	82.76243311	0.0015167326	C	0.6	0.00027577	0.00020448	0	0	5.5
11	TCP.B6R7.B2	2.22529479	142.4585009	87.487374	0.0012839103	C	0.6	0.00026828	0.00021024	0	0	5.5
15	TCSG.A6R7.B2	2.46615023	39.87155508	226.9212867	0.0019114473	C	1	0.00014193	0.0003386	0	0	8
17	TCSG.B5R7.B2	2.5062928	160.0139558	166.5131118	0.0022908477	C	1	0.00028433	0.00029005	0	0	8
19	TCSG.A5R7.B2	0.70860367	185.9930892	145.9293897	0.0023378143	C	1	0.00030654	0.00027153	0	0	8
21	TCSG.D4R7.B2	1.57079632	332.9599975	68.86051751	0.001492171	C	1	0.00041015	0.00018652	0	0	8
25	TCSG.B4R7.B2	0	151.5414841	121.3205931	0.0022136005	C	1	0.0002767	0.00024758	0	0	8
27	TCSG.A4R7.B2	2.30557994	139.757891	130.9954795	0.0020887866	C	1	0.00026572	0.00025726	0	0	8
29	TCSG.A4L7.B2	0.73478361	99.59141729	175.9451656	0.0020808483	C	1	0.00022431	0.00029815	0	0	8
35	TCSG.B5L7.B2	2.46964089	121.8533064	267.5805002	0.00240127	C	1	0.00024812	0.00036768	0	0	8
39	TCSG.D5L7.B2	0.89709923	213.88511	158.5528606	0.0024131137	C	1	0.00032873	0.00028303	0	0	8
41	TCSG.E5L7.B2	2.27765467	241.408596	136.1173066	0.0024160448	C	1	0.00034924	0.00026224	0	0	8
43	TCSG.6L7.B2	0.00872664	335.766688	47.35648474	0.0032948684	C	1	0.00041187	0.00015468	0	0	8
45	TCLA.A6L7.B2	1.57079632	297.0758484	48.15512095	0.0021836989	W	1	0.00038742	0.00015598	0	0	14
46	TCLA.B6L7.B2	0	159.5043905	76.38771428	0.0039742743	W	1	0.00028388	0.00019645	0	0	14
47	TCLA.C6L7.B2	1.57079632	68.61722836	151.8871001	0.0038782157	W	1	0.00018619	0.00027702	0	0	14
48	TCLA.D6L7.B2	0	65.04935178	157.9158227	0.0025380081	W	1	0.00018129	0.00028246	0	0	14
49	TCLA.A7L7.B2	0	65.94264108	143.1417533	0.0025553753	W	1	0.00018253	0.00026892	0	0	14
50	TCDQA.A4L6.B	0	488.4544238	161.8607316	0.0045206085	C	3	0.00049677	0.00028597	0	0	9.1
52	TCDQA.C4L6.B	0	499.5281287	165.4501873	0.0045715645	C	3	0.00050237	0.00028912	0	0	9.1
51	TCDQA.B4L6.B	0	510.7769831	169.233048	0.0046227513	C	3	0.00050799	0.00029241	0	0	9.1
53	TCSP.A4L6.B2	0	523.3692588	173.6233415	0.0046793872	C	1	0.00051422	0.00029617	0	0	9.1
54	TCTPH.4R5.B2	0	1080.184579	414.9821131	0.0101207579	W	1	0.00073874	0.00045789	0	0	13.7
55	TCTPV.4R5.B2	1.57079632	1084.36137	438.0068459	0.0064447266	W	1	0.00074017	0.00047042	0	0	13.7
56	TCL.4L5.B2	0	385.6517886	1074.721729	0.0066211346	CU	1	0.00044141	0.00073687	0	0	15
57	TCL.5L5.B2	0	121.2456384	627.3258384	0.0037125115	CU	1	0.0002475	0.00056298	0	0	15
59	TCP.6R3.B2	0	131.5203652	144.6917585	0.0038666178	C	0.6	0.00025777	0.00027037	0	0	15
60	TCSG.5R3.B2	0	54.60406663	298.6181528	0.002989706	C	1	0.00016609	0.00038842	0	0	18
62	TCSG.4L3.B2	0	26.20995093	395.1976167	0.002071329	C	1	0.00011507	0.00044684	0	0	18
64	TCSG.A5L3.B2	2.98102236	35.86773539	344.1129105	0.0026760277	C	1	0.00013462	0.00041696	0	0	18
66	TCSG.B5L3.B2	0.18849555	45.53772016	312.6792033	0.002998275	C	1	0.00015168	0.00039746	0	0	18
68	TCLA.A5L3.B2	1.57079632	142.5279561	176.0149177	0.0059641453	W	1	0.00026835	0.00029821	0	0	20
69	TCLA.B5L3.B2	0	151.6132797	168.6888825	0.0055353119	W	1	0.00027677	0.00029194	0	0	20
70	TCLA.6L3.B2	0	129.4342287	168.709017	0.0051144395	W	1	0.00025572	0.00029195	0	0	20
71	TCLA.7L3.B2	0	66.78066574	93.23888784	0.0036736591	W	1	0.00018368	0.00021704	0	0	20
72	TCTPH.4R2.B2	0	46.72778876	48.65942106	0.0056850308	W	1	0.00015365	0.00015679	0	0	37
73	TCTPV.4R2.B2	1.57079632	48.29474098	46.49578464	0.0056709001	W	1	0.0001562	0.00015327	0	0	37
74	TCTPH.4R1.B2	0	1080.184576	414.9821127	0.0101207579	W	1	0.00073874	0.00045789	0	0	13.7
75	TCTPV.4R1.B2	1.57079632	1084.361368	438.0068455	0.0064447266	W	1	0.00074017	0.00047042	0	0	13.7
