sigx[m]	Betax[m]	Name	tilt2[rad]	Betay[m]	Material	Angle[rad]	Thickness[m]	Halfgap[m]	tilt1[rad]	sigy[m]	Length[m]	ID	nsig
0.00015365	46.72778773	TCTPH.4L2.B1	0	48.65941834	W	0	0.025	0.0056850307	0	0.00015679	1	57	37
0.00015365	46.72778773	TCTPH.4L2.B1	0	48.65941834	W	0	0.025	0.0056850307	0	0.00015679	1	57	37
0.0001562	48.29473977	TCTPV.4L2.B1	0	46.49578203	W	1.571	0.025	0.0056708999	0	0.00015327	1	61	37
0.0001562	48.29473977	TCTPV.4L2.B1	0	46.49578203	W	1.571	0.025	0.0056708999	0	0.00015327	1	61	37
0.00023462	108.9565041	TDI.4L2.B1.1	0	44.46075788	Cu300K_in_TDI	1.571	2e-06	0.1497260657	0	0.00014988	2.826	75	999
0.00023462	108.9565041	TDI.4L2.B1.1	0	44.46075788	Cu300K_in_TDI	1.571	2e-06	0.1497260657	0	0.00014988	2.826	75	999
0.00023462	108.9565041	TDI.4L2.B1.1	0	44.46075788	Ti	1.571	1e-07	0.1497260657	0	0.00014988	2.826	75	999
0.00023462	108.9565041	TDI.4L2.B1.1	0	44.46075788	Ti	1.571	1e-07	0.1497260657	0	0.00014988	2.826	75	999
0.00023462	108.9565041	TDI.4L2.B1.1	0	44.46075788	graphite	1.571	0.054	0.1497260657	0	0.00014988	2.826	75	999
0.00023462	108.9565041	TDI.4L2.B1.1	0	44.46075788	graphite	1.571	0.054	0.1497260657	0	0.00014988	2.826	75	999
0.00023462	108.9565041	TDI.4L2.B1.2	0	44.46075788	Ti_in_TDI	1.571	1e-06	0.1497260657	0	0.00014988	0.6	75	999
0.00023462	108.9565041	TDI.4L2.B1.2	0	44.46075788	Ti_in_TDI	1.571	1e-06	0.1497260657	0	0.00014988	0.6	75	999
0.00023462	108.9565041	TDI.4L2.B1.2	0	44.46075788	Al	1.571	0.054	0.1497260657	0	0.00014988	0.6	75	999
0.00023462	108.9565041	TDI.4L2.B1.2	0	44.46075788	Al	1.571	0.054	0.1497260657	0	0.00014988	0.6	75	999
0.00023462	108.9565041	TDI.4L2.B1.3	0	44.46075788	CuCr1Zr	1.571	0.054	0.1497260657	0	0.00014988	0.7	75	999
0.00023462	108.9565041	TDI.4L2.B1.3	0	44.46075788	CuCr1Zr	1.571	0.054	0.1497260657	0	0.00014988	0.7	75	999
0.00016255	52.2967253	TCLIA.4R2	0	128.3592439	C	1.571	0.033	0.2544031819	0	0.00025466	1	69	999
0.00016255	52.2967253	TCLIA.4R2	0	128.3592439	C	1.571	0.033	0.2544031819	0	0.00025466	1	69	999
0.00036087	257.7620512	TCLIB.6R2.B1	0	38.42292229	CFC	1.571	0.025	0.1391887763	0	0.00013933	1	70	999
0.00036087	257.7620512	TCLIB.6R2.B1	0	38.42292229	CFC	1.571	0.025	0.1391887763	0	0.00013933	1	70	999
0.00025777	131.5206237	TCP.6L3.B1	0	144.6940235	CFC	0	0.025	0.0038666216	0	0.00027038	0.6	1	15
0.00025777	131.5206237	TCP.6L3.B1	0	144.6940235	CFC	0	0.025	0.0038666216	0	0.00027038	0.6	1	15
0.0001661	54.60461289	TCSG.5L3.B1	0	298.6239342	CFC	0	0.025	0.0029897209	0	0.00038842	1	2	18
0.0001661	54.60461289	TCSG.5L3.B1	0	298.6239342	CFC	0	0.025	0.0029897209	0	0.00038842	1	2	18
0.00011507	26.20971315	TCSG.4R3.B1	0	395.1963029	CFC	0	0.025	0.0020713196	0	0.00044684	1	4	18
0.00011507	26.20971315	TCSG.4R3.B1	0	395.1963029	CFC	0	0.025	0.0020713196	0	0.00044684	1	4	18
0.00013462	35.86769137	TCSG.A5R3.B1	0	344.1113266	CFC	2.98102	0.025	0.0026760322	0	0.00041696	1	6	18
0.00013462	35.86769137	TCSG.A5R3.B1	0	344.1113266	CFC	2.98102	0.025	0.0026760322	0	0.00041696	1	6	18
0.00015168	45.53781981	TCSG.B5R3.B1	0	312.6775333	CFC	0.1989675347	0.025	0.0030269921	0	0.00039746	1	8	18
0.00015168	45.53781981	TCSG.B5R3.B1	0	312.6775333	CFC	0.1989675347	0.025	0.0030269921	0	0.00039746	1	8	18
0.00026835	142.5293433	TCLA.A5R3.B1	0	176.0130708	W	1.571	0.025	0.005964114	0	0.00029821	1	46	20
0.00026835	142.5293433	TCLA.A5R3.B1	0	176.0130708	W	1.571	0.025	0.005964114	0	0.00029821	1	46	20
0.00027677	151.6147828	TCLA.B5R3.B1	0	168.6870401	W	0	0.025	0.0055353393	0	0.00029193	1	47	20
0.00027677	151.6147828	TCLA.B5R3.B1	0	168.6870401	W	0	0.025	0.0055353393	0	0.00029193	1	47	20
0.00025572	129.4357523	TCLA.6R3.B1	0	168.7063985	W	0	0.025	0.0051144696	0	0.00029195	1	48	20
0.00025572	129.4357523	TCLA.6R3.B1	0	168.7063985	W	0	0.025	0.0051144696	0	0.00029195	1	48	20
0.00018452	67.38944049	TCLA.7R3.B1	0	89.3980202	W	0	0.025	0.0036903657	0	0.00021252	1	49	20
0.00018452	67.38944049	TCLA.7R3.B1	0	89.3980202	W	0	0.025	0.0036903657	0	0.00021252	1	49	20
0.0010432	2154.118545	TCTPH.4L5.B1	0	825.4893721	W	0	0.025	0.0092847088	0	0.0006458	1	58	8.9
0.0010432	2154.118545	TCTPH.4L5.B1	0	825.4893721	W	0	0.025	0.0092847088	0	0.0006458	1	58	8.9
0.0010453	2162.757105	TCTPV.4L5.B1	0	871.7179387	W	1.571	0.025	0.0059063815	0	0.00066364	1	59	8.9
0.0010453	2162.757105	TCTPV.4L5.B1	0	871.7179387	W	1.571	0.025	0.0059063815	0	0.00066364	1	59	8.9
0.00049465	484.2939229	TCDQA.A4R6.B	0	161.3884295	CU300K_in_TDI	0	5e-06	0.0041055948	0	0.00028555	3	71	8.3
0.00049465	484.2939229	TCDQA.A4R6.B	0	161.3884295	CU300K_in_TDI	0	5e-06	0.0041055948	0	0.00028555	3	71	8.3
0.00049465	484.2939229	TCDQA.A4R6.B	0	161.3884295	CFC	0	0.035	0.0041055948	0	0.00028555	3	71	8.3
0.00049465	484.2939229	TCDQA.A4R6.B	0	161.3884295	CFC	0	0.035	0.0041055948	0	0.00028555	3	71	8.3
0.00049465	484.2939229	TCDQA.A4R6.B	0	161.3884295	graphite	0	0.04	0.0041055948	0	0.00028555	3	71	8.3
0.00049465	484.2939229	TCDQA.A4R6.B	0	161.3884295	graphite	0	0.04	0.0041055948	0	0.00028555	3	71	8.3
0.00050022	495.2540874	TCDQA.C4R6.B	0	165.4589245	CU300K_in_TDI	0	5e-06	0.0041517922	0	0.00028913	3	73	8.3
0.00050022	495.2540874	TCDQA.C4R6.B	0	165.4589245	CU300K_in_TDI	0	5e-06	0.0041517922	0	0.00028913	3	73	8.3
0.00050022	495.2540874	TCDQA.C4R6.B	0	165.4589245	CFC	0	0.035	0.0041517922	0	0.00028913	3	73	8.3
0.00050022	495.2540874	TCDQA.C4R6.B	0	165.4589245	CFC	0	0.035	0.0041517922	0	0.00028913	3	73	8.3
0.00050022	495.2540874	TCDQA.C4R6.B	0	165.4589245	graphite	0	0.04	0.0041517922	0	0.00028913	3	73	8.3
0.00050022	495.2540874	TCDQA.C4R6.B	0	165.4589245	graphite	0	0.04	0.0041517922	0	0.00028913	3	73	8.3
0.00050581	506.3883554	TCDQA.B4R6.B	0	169.7343759	CU300K_in_TDI	0	5e-06	0.0041982029	0	0.00029284	3	72	8.3
0.00050581	506.3883554	TCDQA.B4R6.B	0	169.7343759	CU300K_in_TDI	0	5e-06	0.0041982029	0	0.00029284	3	72	8.3
0.00050581	506.3883554	TCDQA.B4R6.B	0	169.7343759	CFC	0	0.035	0.0041982029	0	0.00029284	3	72	8.3
0.00050581	506.3883554	TCDQA.B4R6.B	0	169.7343759	CFC	0	0.035	0.0041982029	0	0.00029284	3	72	8.3
0.00050581	506.3883554	TCDQA.B4R6.B	0	169.7343759	graphite	0	0.04	0.0041982029	0	0.00029284	3	72	8.3
0.00050581	506.3883554	TCDQA.B4R6.B	0	169.7343759	graphite	0	0.04	0.0041982029	0	0.00029284	3	72	8.3
0.000512	518.8532144	TCSP.A4R6.B1	0	174.6805807	C	0	0.025	0.0042495587	0	0.00029707	1	74	8.3
0.000512	518.8532144	TCSP.A4R6.B1	0	174.6805807	C	0	0.025	0.0042495587	0	0.00029707	1	74	8.3
0.00028331	158.86618	TCP.D6L7.B1	0	78.26267936	CFC	1.571	0.025	0.001093663	0	0.00019885	0.6	10	5.5
0.00028331	158.86618	TCP.D6L7.B1	0	78.26267936	CFC	1.571	0.025	0.001093663	0	0.00019885	0.6	10	5.5
0.00027577	150.5239872	TCP.C6L7.B1	0	82.7624326	CFC	0	0.025	0.0015167326	0	0.00020448	0.6	11	5.5
0.00027577	150.5239872	TCP.C6L7.B1	0	82.7624326	CFC	0	0.025	0.0015167326	0	0.00020448	0.6	11	5.5
0.00026828	142.4585043	TCP.B6L7.B1	0	87.48737094	CFC	2.215	0.025	0.0012806619	0	0.00021024	0.6	12	5.5
0.00026828	142.4585043	TCP.B6L7.B1	0	87.48737094	CFC	2.215	0.025	0.0012806619	0	0.00021024	0.6	12	5.5
0.00014193	39.87155573	TCSG.A6L7.B1	0	226.9212053	Mo	2.46266	3e-06	0.0017970304	0	0.0003386	1	16	7.5
0.00014193	39.87155573	TCSG.A6L7.B1	0	226.9212053	MoC	2.46266	0.025	0.0017970304	0	0.0003386	1	16	7.5
0.00014193	39.87155573	TCSG.A6L7.B1	0	226.9212053	Mo	2.46266	3e-06	0.0017970304	0	0.0003386	1	16	7.5
0.00014193	39.87155573	TCSG.A6L7.B1	0	226.9212053	MoC	2.46266	0.025	0.0017970304	0	0.0003386	1	16	7.5
0.00028433	160.0139521	TCSG.B5L7.B1	0	166.5130222	Mo	2.50455	3e-06	0.0021477411	0	0.00029005	1	18	7.5
0.00028433	160.0139521	TCSG.B5L7.B1	0	166.5130222	MoC	2.50455	0.025	0.0021477411	0	0.00029005	1	18	7.5
0.00028433	160.0139521	TCSG.B5L7.B1	0	166.5130222	Mo	2.50455	3e-06	0.0021477411	0	0.00029005	1	18	7.5
0.00028433	160.0139521	TCSG.B5L7.B1	0	166.5130222	MoC	2.50455	0.025	0.0021477411	0	0.00029005	1	18	7.5
0.00030654	185.993085	TCSG.A5L7.B1	0	145.9293091	Mo	0.71035	3e-06	0.0021912522	0	0.00027153	1	20	7.5
0.00030654	185.993085	TCSG.A5L7.B1	0	145.9293091	MoC	0.71035	0.025	0.0021912522	0	0.00027153	1	20	7.5
0.00030654	185.993085	TCSG.A5L7.B1	0	145.9293091	Mo	0.71035	3e-06	0.0021912522	0	0.00027153	1	20	7.5
0.00030654	185.993085	TCSG.A5L7.B1	0	145.9293091	MoC	0.71035	0.025	0.0021912522	0	0.00027153	1	20	7.5
0.00041015	332.9599905	TCSG.D4L7.B1	0	68.86047531	Mo	1.5708	3e-06	0.0013989099	0	0.00018652	1	22	7.5
0.00041015	332.9599905	TCSG.D4L7.B1	0	68.86047531	MoC	1.5708	0.025	0.0013989099	0	0.00018652	1	22	7.5
0.00041015	332.9599905	TCSG.D4L7.B1	0	68.86047531	Mo	1.5708	3e-06	0.0013989099	0	0.00018652	1	22	7.5
0.00041015	332.9599905	TCSG.D4L7.B1	0	68.86047531	MoC	1.5708	0.025	0.0013989099	0	0.00018652	1	22	7.5
0.00026572	139.7578896	TCSG.B4L7.B1	0	130.9955091	Mo	0	3e-06	0.001992934	0	0.00025726	1	26	7.5
0.00026572	139.7578896	TCSG.B4L7.B1	0	130.9955091	MoC	0	0.025	0.001992934	0	0.00025726	1	26	7.5
0.00026572	139.7578896	TCSG.B4L7.B1	0	130.9955091	Mo	0	3e-06	0.001992934	0	0.00025726	1	26	7.5
0.00026572	139.7578896	TCSG.B4L7.B1	0	130.9955091	MoC	0	0.025	0.001992934	0	0.00025726	1	26	7.5
0.00025497	128.6710867	TCSG.A4L7.B1	0	141.2954165	Mo	2.34921	3e-06	0.0019592348	0	0.00026718	1	28	7.5
0.00025497	128.6710867	TCSG.A4L7.B1	0	141.2954165	MoC	2.34921	0.025	0.0019592348	0	0.00026718	1	28	7.5
0.00025497	128.6710867	TCSG.A4L7.B1	0	141.2954165	Mo	2.34921	3e-06	0.0019592348	0	0.00026718	1	28	7.5
0.00025497	128.6710867	TCSG.A4L7.B1	0	141.2954165	MoC	2.34921	0.025	0.0019592348	0	0.00026718	1	28	7.5
0.00024446	118.2810736	TCSG.A4R7.B1	0	152.2203384	Mo	0.80809	3e-06	0.0019661066	0	0.00027732	1	30	7.5
0.00024446	118.2810736	TCSG.A4R7.B1	0	152.2203384	MoC	0.80809	0.025	0.0019661066	0	0.00027732	1	30	7.5
0.00024446	118.2810736	TCSG.A4R7.B1	0	152.2203384	Mo	0.80809	3e-06	0.0019661066	0	0.00027732	1	30	7.5
0.00024446	118.2810736	TCSG.A4R7.B1	0	152.2203384	MoC	0.80809	0.025	0.0019661066	0	0.00027732	1	30	7.5
0.00024812	121.8533081	TCSG.B5R7.B1	0	267.5806509	Mo	2.46964	3e-06	0.0022511918	0	0.00036768	1	36	7.5
0.00024812	121.8533081	TCSG.B5R7.B1	0	267.5806509	MoC	2.46964	0.025	0.0022511918	0	0.00036768	1	36	7.5
0.00024812	121.8533081	TCSG.B5R7.B1	0	267.5806509	Mo	2.46964	3e-06	0.0022511918	0	0.00036768	1	36	7.5
0.00024812	121.8533081	TCSG.B5R7.B1	0	267.5806509	MoC	2.46964	0.025	0.0022511918	0	0.00036768	1	36	7.5
0.00032873	213.8851121	TCSG.D5R7.B1	0	158.5529547	Mo	0.8971	3e-06	0.0022622942	0	0.00028303	1	40	7.5
0.00032873	213.8851121	TCSG.D5R7.B1	0	158.5529547	MoC	0.8971	0.025	0.0022622942	0	0.00028303	1	40	7.5
0.00032873	213.8851121	TCSG.D5R7.B1	0	158.5529547	Mo	0.8971	3e-06	0.0022622942	0	0.00028303	1	40	7.5
0.00032873	213.8851121	TCSG.D5R7.B1	0	158.5529547	MoC	0.8971	0.025	0.0022622942	0	0.00028303	1	40	7.5
0.00034924	241.4085982	TCSG.E5R7.B1	0	136.1173884	Mo	2.27765	3e-06	0.0022650392	0	0.00026224	1	42	7.5
0.00034924	241.4085982	TCSG.E5R7.B1	0	136.1173884	MoC	2.27765	0.025	0.0022650392	0	0.00026224	1	42	7.5
0.00034924	241.4085982	TCSG.E5R7.B1	0	136.1173884	Mo	2.27765	3e-06	0.0022650392	0	0.00026224	1	42	7.5
0.00034924	241.4085982	TCSG.E5R7.B1	0	136.1173884	MoC	2.27765	0.025	0.0022650392	0	0.00026224	1	42	7.5
0.00041187	335.7666893	TCSG.6R7.B1	0	47.35650418	Mo	0.00873	3e-06	0.003088939	0	0.00015468	1	44	7.5
0.00041187	335.7666893	TCSG.6R7.B1	0	47.35650418	MoC	0.00873	0.025	0.003088939	0	0.00015468	1	44	7.5
0.00041187	335.7666893	TCSG.6R7.B1	0	47.35650418	Mo	0.00873	3e-06	0.003088939	0	0.00015468	1	44	7.5
0.00041187	335.7666893	TCSG.6R7.B1	0	47.35650418	MoC	0.00873	0.025	0.003088939	0	0.00015468	1	44	7.5
0.00038742	297.0758492	TCLA.A6R7.B1	0	48.15513343	W	1.571	0.025	0.0017157638	0	0.00015598	1	50	11
0.00038742	297.0758492	TCLA.A6R7.B1	0	48.15513343	W	1.571	0.025	0.0017157638	0	0.00015598	1	50	11
0.00028388	159.5043898	TCLA.B6R7.B1	0	76.38768665	W	0	0.025	0.0031226441	0	0.00019645	1	51	11
0.00028388	159.5043898	TCLA.B6R7.B1	0	76.38768665	W	0	0.025	0.0031226441	0	0.00019645	1	51	11
0.00018619	68.61722712	TCLA.C6R7.B1	0	151.8870115	W	1.571	0.025	0.0030471686	0	0.00027702	1	52	11
0.00018619	68.61722712	TCLA.C6R7.B1	0	151.8870115	W	1.571	0.025	0.0030471686	0	0.00027702	1	52	11
0.00018129	65.04935054	TCLA.D6R7.B1	0	157.9157299	W	0	0.025	0.0019941492	0	0.00028246	1	53	11
0.00018129	65.04935054	TCLA.D6R7.B1	0	157.9157299	W	0	0.025	0.0019941492	0	0.00028246	1	53	11
0.00018071	64.6338743	TCLA.A7R7.B1	0	146.453826	W	0	0.025	0.0019877706	0	0.00027202	1	54	11
0.00018071	64.6338743	TCLA.A7R7.B1	0	146.453826	W	0	0.025	0.0019877706	0	0.00027202	1	54	11
0.00034905	241.1571853	TCTPH.4L8.B1	0	301.760653	W	0	0.025	0.0052358216	0	0.00039046	1	60	15
0.00034905	241.1571853	TCTPH.4L8.B1	0	301.760653	W	0	0.025	0.0052358216	0	0.00039046	1	60	15
0.0003566	251.6986902	TCTPV.4L8.B1	0	302.9580861	W	1.571	0.025	0.0058684852	0	0.00039123	1	62	15
0.0003566	251.6986902	TCTPV.4L8.B1	0	302.9580861	W	1.571	0.025	0.0058684852	0	0.00039123	1	62	15
0.0010432	2154.118553	TCTPH.4L1.B1	0	825.4893742	W	0	0.025	0.0092847088	0	0.0006458	1	55	8.9
0.0010432	2154.118553	TCTPH.4L1.B1	0	825.4893742	W	0	0.025	0.0092847088	0	0.0006458	1	55	8.9
0.0010453	2162.757113	TCTPV.4L1.B1	0	871.717941	W	1.571	0.025	0.0059063815	0	0.00066364	1	56	8.9
0.0010453	2162.757113	TCTPV.4L1.B1	0	871.717941	W	1.571	0.025	0.0059063815	0	0.00066364	1	56	8.9
