ID	name	angle[rad]	betax[m]	betay[m]	halfgap[m]	Material	Length[m]	sigx[m]	sigy[m]	tilt1[rad]	tilt2[rad]	nsig
63	TCL.4R1.B1	0	78.39668572	160.689548	0.1988189705	CU	1	0.00019902	0.00028493	0	0	999
64	TCL.5R1.B1	0	145.0484898	129.076075	0.270436667	CU	1	0.00027071	0.00025537	0	0	999
65	TCL.6R1.B1	0	105.884959	146.6458484	0.231060711	W	1	0.00023129	0.00027219	0	0	999
57	TCTH.4L2.B1	0	46.588625	48.26728193	0.0056765589	W	1	0.00015342	0.00015616	0	0	37
61	TCTVA.4L2.B1	1.571	47.91762178	46.41956568	0.0056662501	W	1	0.00015559	0.00015314	0	0	37
75	TDI.4L2.B1	1.571	108.4117954	44.16380684	0.1492252218	CU	4	0.00023404	0.00014937	0	0	999
69	TCLIA.4R2	1.571	51.94028542	128.0873685	0.2541336157	C	1	0.00016199	0.00025439	0	0	999
70	TCLIB.6R2.B1	1.571	256.6611994	38.70487194	0.1396985303	C	1	0.0003601	0.00013984	0	0	999
1	TCP.6L3.B1	0	131.3873514	144.6387127	0.003864662	C	0.6	0.00025764	0.00027032	0	0	15
2	TCSG.5L3.B1	0	54.52144614	298.5068782	0.0029874433	C	1	0.00016597	0.00038835	0	0	18
4	TCSG.4R3.B1	0	26.22184358	395.2927843	0.0020717989	C	1	0.0001151	0.00044689	0	0	18
6	TCSG.A5R3.B1	2.98102	35.84352366	344.2016363	0.0026753824	C	1	0.00013457	0.00041701	0	0	18
8	TCSG.B5R3.B1	0.1989675347	45.49067333	312.7627907	0.0030258569	C	1	0.0001516	0.00039751	0	0	18
46	TCLA.A5R3.B1	1.571	142.3124974	176.0722946	0.0059651173	W	1	0.00026814	0.00029826	0	0	20
47	TCLA.B5R3.B1	0	151.383904	168.7445806	0.0055311231	W	1	0.00027656	0.00029198	0	0	20
48	TCLA.6R3.B1	0	129.2824148	168.7259613	0.0051114393	W	1	0.00025557	0.00029197	0	0	20
49	TCLA.7R3.B1	0	67.48227349	89.37901736	0.0036929066	W	1	0.00018465	0.0002125	0	0	20
58	TCTH.4L5.B1	0	156.6954879	78.46806555	0.0104105446	W	1	0.00028137	0.00019911	0	0	37
59	TCTVA.4L5.B1	1.571	154.2591951	78.62850829	0.007374545	W	1	0.00027917	0.00019931	0	0	37
66	TCL.4R5.B1	0	78.71095256	160.6300757	0.1992170722	CU	1	0.00019942	0.00028488	0	0	999
67	TCL.5R5.B1	0	145.1801517	129.37089	0.2705593781	CU	1	0.00027083	0.00025566	0	0	999
68	TCL.6R5.B1	0	99.03969465	152.8209842	0.2234671115	W	1	0.00022369	0.00027787	0	0	999
71	TCDQA.A4R6.B	0	483.3192232	161.4041618	0.0044967828	C	3	0.00049415	0.00028556	0	0	9.1
72	TCDQA.B4R6.B	0	494.2381007	165.4785042	0.0045472935	C	3	0.0004997	0.00028914	0	0	9.1
73	TCDQA.C4R6.B	0	505.3305122	169.7578767	0.0045980388	C	3	0.00050528	0.00029286	0	0	9.1
74	TCSG.4R6.B1	0	517.7486109	174.7084856	0.0046541925	C	1	0.00051145	0.0002971	0	0	9.1
10	TCP.D6L7.B1	1.571	158.1305225	78.29233207	0.0010938702	C	0.6	0.00028265	0.00019889	0	0	5.5
11	TCP.C6L7.B1	0	149.8324289	82.79530864	0.0015132444	C	0.6	0.00027514	0.00020452	0	0	5.5
12	TCP.B6L7.B1	2.215	141.8099442	87.52356311	0.0012794036	C	0.6	0.00026767	0.00021028	0	0	5.5
16	TCSG.A6L7.B1	2.46266	39.84656309	227.0418916	0.0015336849	C	1	0.00014189	0.00033869	0	0	6.4
18	TCSG.B5L7.B1	2.50455	160.4724272	166.5975483	0.0018345796	C	1	0.00028474	0.00029012	0	0	6.4
20	TCSG.A5L7.B1	0.71035	186.4917891	146.0020073	0.0018716249	C	1	0.00030695	0.0002716	0	0	6.4
22	TCSG.D4L7.B1	1.5708	333.6182818	68.88567458	0.0011939549	C	1	0.00041055	0.00018656	0	0	6.4
26	TCSG.B4L7.B1	0	139.6524145	130.930075	0.0016999951	C	1	0.00026562	0.0002572	0	0	6.4
28	TCSG.A4L7.B1	2.34921	128.5375397	141.2233582	0.0016712467	C	1	0.00025483	0.00026711	0	0	6.4
30	TCSG.A4R7.B1	0.80809	118.1224035	152.1414701	0.0016770228	C	1	0.00024429	0.00027725	0	0	6.4
36	TCSG.B5R7.B1	2.46964	121.8441434	267.4497975	0.0019207136	C	1	0.00024811	0.00036759	0	0	6.4
40	TCSG.D5R7.B1	0.8971	214.0732555	158.4817099	0.0019306503	C	1	0.00032887	0.00028297	0	0	6.4
42	TCSG.E5R7.B1	2.27765	241.6612267	136.0584734	0.0019332215	C	1	0.00034942	0.00026218	0	0	6.4
44	TCSG.6R7.B1	0.00873	336.4418603	47.35882537	0.0026385434	C	1	0.00041229	0.00015468	0	0	6.4
50	TCLA.A6R7.B1	1.571	297.7311035	48.1649075	0.002183921	W	1	0.00038784	0.00015599	0	0	14
51	TCLA.B6R7.B1	0	160.0350071	76.42834223	0.0039808793	W	1	0.00028435	0.0001965	0	0	14
52	TCLA.C6R7.B1	1.571	68.9450147	151.9578783	0.0038791192	W	1	0.00018664	0.00027708	0	0	14
53	TCLA.D6R7.B1	0	65.36267975	157.9883115	0.0025441133	W	1	0.00018172	0.00028252	0	0	14
54	TCLA.A7R7.B1	0	64.90952977	146.5111717	0.0025352789	W	1	0.00018109	0.00027207	0	0	14
60	TCTH.4L8.B1	0	46.58352529	48.25629561	0.0056762482	W	1	0.00015341	0.00015614	0	0	37
62	TCTVA.4L8.B1	1.571	48.1568274	46.09310386	0.00564629	W	1	0.00015598	0.0001526	0	0	37
55	TCTH.4L1.B1	0	157.3682165	78.43926226	0.0104328681	W	1	0.00028197	0.00019907	0	0	37
56	TCTVA.4L1.B1	1.571	154.922117	78.5999142	0.007373204	W	1	0.00027977	0.00019928	0	0	37
