sigx[m]	Betax[m]	Name	tilt2[rad]	Angle[rad]	Material	Betay[m]	Thickness[m]	Halfgap[m]	tilt1[rad]	sigy[m]	Length[m]	ID	nsig
0.00044141	385.65179	TCL.4R1.B1	0	0	CU	1074.721736	0.025	999	0	0.00073687	1	63	999
0.00024618	119.9584519	TCL.5R1.B1	0	0	CU	634.3410681	0.025	999	0	0.00056612	1	64	999
0.00015365	46.7277887	TCTPH.4L2.B1	0	0	W	48.65941932	0.025	0.0056850308	0	0.00015679	1	57	37
0.0001562	48.29474082	TCTPV.4L2.B1	0	1.571	W	46.49578298	0.025	0.0056709	0	0.00015327	1	61	37
0.00023462	108.956506	TDI.4L2.B1.1	0	1.571	Ti_in_TDI	44.46075788	5e-06	0.1497260657	0	0.00014988	2.836	75	999
0.00023462	108.956506	TDI.4L2.B1.1	0	1.571	HBN	44.46075788	0.054	0.1497260657	0	0.00014988	2.836	75	999
0.00023462	108.956506	TDI.4L2.B1.2	0	1.571	CU300K_in_TDI	44.46075788	2e-06	0.1497260657	0	0.00014988	0.6	75	999
0.00023462	108.956506	TDI.4L2.B1.2	0	1.571	Al	44.46075788	0.054	0.1497260657	0	0.00014988	0.6	75	999
0.00023462	108.956506	TDI.4L2.B1.3	0	1.571	Cu	44.46075788	0.054	0.1497260657	0	0.00014988	0.7	75	999
0.00016255	52.29672573	TCLIA.4R2	0	1.571	C	128.3592422	0.033	0.2544031802	0	0.00025466	1	69	999
0.00036087	257.7620559	TCLIB.6R2.B1	0	1.571	CFC	38.42292308	0.025	0.1391887777	0	0.00013933	1	70	999
0.00025777	131.5206237	TCP.6L3.B1	0	0	CFC	144.694023	0.025	0.0038666216	0	0.00027038	0.6	1	15
0.0001661	54.60461194	TCSG.5L3.B1	0	0	CFC	298.6239351	0.025	0.0029897209	0	0.00038842	1	2	18
0.00011507	26.20971366	TCSG.4R3.B1	0	0	CFC	395.1963091	0.025	0.0020713196	0	0.00044684	1	4	18
0.00013462	35.86769157	TCSG.A5R3.B1	0	2.98102	CFC	344.1113317	0.025	0.0026760322	0	0.00041696	1	6	18
0.00015168	45.53781977	TCSG.B5R3.B1	0	0.1989675347	CFC	312.6775378	0.025	0.0030269921	0	0.00039746	1	8	18
0.00026835	142.5293409	TCLA.A5R3.B1	0	1.571	W	176.0130725	0.025	0.005964114	0	0.00029821	1	46	20
0.00027677	151.6147802	TCLA.B5R3.B1	0	0	W	168.6870416	0.025	0.0055353393	0	0.00029193	1	47	20
0.00025572	129.4357493	TCLA.6R3.B1	0	0	W	168.706395	0.025	0.0051144696	0	0.00029195	1	48	20
0.00018452	67.38944199	TCLA.7R3.B1	0	0	W	89.39801866	0.025	0.0036903657	0	0.00021252	1	49	20
0.00073874	1080.184578	TCTPH.4L5.B1	0	0	W	414.9821182	0.025	0.0101207579	0	0.00045789	1	58	13.7
0.00074017	1084.36137	TCTPV.4L5.B1	0	1.571	W	438.0068513	0.025	0.0064447268	0	0.00047042	1	59	13.7
0.00044141	385.6517911	TCL.4R5.B1	0	0	CU	1074.721739	0.025	999	0	0.00073687	1	66	999
0.00024648	120.2458739	TCL.5R5.B1	0	0	CU	636.5094229	0.025	999	0	0.00056708	1	67	999
0.00049465	484.2939257	TCDQA.A4R6.B	0	0	CU300K_in_TDI	161.3884335	5e-06	0.0045013148	0	0.00028555	3	71	9.1
0.00049465	484.2939257	TCDQA.A4R6.B	0	0	CFC	161.3884335	0.035	0.0045013148	0	0.00028555	3	71	9.1
0.00049465	484.2939257	TCDQA.A4R6.B	0	0	graphite	161.3884335	0.04	0.0045013148	0	0.00028555	3	71	9.1
0.00050022	495.2540899	TCDQA.C4R6.B	0	0	CU300K_in_TDI	165.4589287	5e-06	0.0045519649	0	0.00028913	3	73	9.1
0.00050022	495.2540899	TCDQA.C4R6.B	0	0	CFC	165.4589287	0.035	0.0045519649	0	0.00028913	3	73	9.1
0.00050022	495.2540899	TCDQA.C4R6.B	0	0	graphite	165.4589287	0.04	0.0045519649	0	0.00028913	3	73	9.1
0.00050581	506.3883577	TCDQA.B4R6.B	0	0	CU300K_in_TDI	169.7343802	5e-06	0.004602849	0	0.00029284	3	72	9.1
0.00050581	506.3883577	TCDQA.B4R6.B	0	0	CFC	169.7343802	0.035	0.004602849	0	0.00029284	3	72	9.1
0.00050581	506.3883577	TCDQA.B4R6.B	0	0	graphite	169.7343802	0.04	0.004602849	0	0.00029284	3	72	9.1
0.000512	518.8532164	TCSP.A4R6.B1	0	0	C	174.6805852	0.025	0.0046591547	0	0.00029707	1	74	9.1
0.00028331	158.8661738	TCP.D6L7.B1	0	1.571	CFC	78.26267987	0.025	0.001093663	0	0.00019885	0.6	10	5.5
0.00027577	150.5239815	TCP.C6L7.B1	0	0	CFC	82.76243303	0.025	0.0015167326	0	0.00020448	0.6	11	5.5
0.00026828	142.458499	TCP.B6L7.B1	0	2.215	CFC	87.48737129	0.025	0.0012806619	0	0.00021024	0.6	12	5.5
0.00014193	39.87155603	TCSG.A6L7.B1	0	2.46266	CFC	226.9212028	0.025	0.0019168324	0	0.0003386	1	16	8
0.00028433	160.0139545	TCSG.B5L7.B1	0	2.50455	CFC	166.5130188	0.025	0.0022909239	0	0.00029005	1	18	8
0.00030654	185.9930874	TCSG.A5L7.B1	0	0.71035	CFC	145.9293059	0.025	0.0023373357	0	0.00027153	1	20	8
0.00041015	332.9599924	TCSG.D4L7.B1	0	1.5708	CFC	68.86047349	0.025	0.0014921706	0	0.00018652	1	22	8
0.00026572	139.7578868	TCSG.B4L7.B1	0	0	CFC	130.9955097	0.025	0.0021257962	0	0.00025726	1	26	8
0.00025497	128.6710838	TCSG.A4L7.B1	0	2.34921	CFC	141.2954174	0.025	0.0020898504	0	0.00026718	1	28	8
0.00024446	118.2810707	TCSG.A4R7.B1	0	0.80809	CFC	152.2203396	0.025	0.0020971804	0	0.00027732	1	30	8
0.00024812	121.8533096	TCSG.B5R7.B1	0	2.46964	CFC	267.5806568	0.025	0.0024012713	0	0.00036768	1	36	8
0.00032873	213.8851166	TCSG.D5R7.B1	0	0.8971	CFC	158.5529586	0.025	0.0024131138	0	0.00028303	1	40	8
0.00034924	241.4086036	TCSG.E5R7.B1	0	2.27765	CFC	136.1173918	0.025	0.0024160419	0	0.00026224	1	42	8
0.00041187	335.7666995	TCSG.6R7.B1	0	0.00873	CFC	47.35650521	0.025	0.0032948683	0	0.00015468	1	44	8
0.00038742	297.0758587	TCLA.A6R7.B1	0	1.571	W	48.15513421	0.025	0.0021836994	0	0.00015598	1	50	14
0.00028388	159.5043962	TCLA.B6R7.B1	0	0	W	76.3876858	0.025	0.0039742744	0	0.00019645	1	51	14
0.00018619	68.61723025	TCLA.C6R7.B1	0	1.571	W	151.8870079	0.025	0.0038782145	0	0.00027702	1	52	14
0.00018129	65.04935348	TCLA.D6R7.B1	0	0	W	157.9157261	0.025	0.0025380081	0	0.00028246	1	53	14
0.00018071	64.63387639	TCLA.A7R7.B1	0	0	W	146.4538222	0.025	0.0025298899	0	0.00027202	1	54	14
0.00034905	241.1571748	TCTPH.4L8.B1	0	0	W	301.760653	0.025	0.0052358215	0	0.00039046	1	60	15
0.0003566	251.6986793	TCTPV.4L8.B1	0	1.571	W	302.9580861	0.025	0.0058684852	0	0.00039123	1	62	15
0.00073874	1080.184583	TCTPH.4L1.B1	0	0	W	414.9821172	0.025	0.0101207579	0	0.00045789	1	55	13.7
0.00074017	1084.361374	TCTPV.4L1.B1	0	1.571	W	438.0068502	0.025	0.0064447268	0	0.00047042	1	56	13.7
