sigx[m]	Betax[m]	Name	tilt2[rad]	Angle[rad]	Material	Betay[m]	Thickness[m]	Halfgap[m]	tilt1[rad]	sigy[m]	Length[m]	ID	nsig
0.00015365	46.72778833	TCTPH.4L2.B1	0	0	W	48.6594187	0.025	0.0056850307	0	0.00015679	1	57	37
0.0001562	48.2947404	TCTPV.4L2.B1	0	1.571	W	46.49578239	0.025	0.0056709	0	0.00015327	1	61	37
0.00023462	108.9565048	TDI.4L2.B1.1	0	1.571	Cu300K_in_TDI	44.46075805	2e-06	0.149726066	0	0.00014988	2.826	75	999
0.00023462	108.9565048	TDI.4L2.B1.1	0	1.571	Ti	44.46075805	1e-07	0.149726066	0	0.00014988	2.826	75	999
0.00023462	108.9565048	TDI.4L2.B1.1	0	1.571	graphite	44.46075805	0.054	0.149726066	0	0.00014988	2.826	75	999
0.00023462	108.9565048	TDI.4L2.B1.2	0	1.571	Ti_in_TDI	44.46075805	1e-06	0.149726066	0	0.00014988	0.6	75	999
0.00023462	108.9565048	TDI.4L2.B1.2	0	1.571	Al	44.46075805	0.054	0.149726066	0	0.00014988	0.6	75	999
0.00023462	108.9565048	TDI.4L2.B1.3	0	1.571	CuCr1Zr	44.46075805	0.054	0.149726066	0	0.00014988	0.7	75	999
0.00016255	52.29672534	TCLIA.4R2	0	1.571	C	128.3592436	0.033	0.2544031816	0	0.00025466	1	69	999
0.00036087	257.7620531	TCLIB.6R2.B1	0	1.571	CFC	38.42292266	0.025	0.139188777	0	0.00013933	1	70	999
0.00025777	131.5206232	TCP.6L3.B1	0	0	CFC	144.6940227	0.025	0.0038666216	0	0.00027038	0.6	1	15
0.0001661	54.60461224	TCSG.5L3.B1	0	0	CFC	298.6239334	0.025	0.0029897209	0	0.00038842	1	2	18
0.00011507	26.20971337	TCSG.4R3.B1	0	0	CFC	395.1963066	0.025	0.0020713196	0	0.00044684	1	4	18
0.00013462	35.86769134	TCSG.A5R3.B1	0	2.98102	CFC	344.1113297	0.025	0.0026760322	0	0.00041696	1	6	18
0.00015168	45.53781961	TCSG.B5R3.B1	0	0.1989675347	CFC	312.6775361	0.025	0.0030269921	0	0.00039746	1	8	18
0.00026835	142.5293416	TCLA.A5R3.B1	0	1.571	W	176.0130722	0.025	0.005964114	0	0.00029821	1	46	20
0.00027677	151.614781	TCLA.B5R3.B1	0	0	W	168.6870413	0.025	0.0055353393	0	0.00029193	1	47	20
0.00025572	129.4357507	TCLA.6R3.B1	0	0	W	168.7063972	0.025	0.0051144696	0	0.00029195	1	48	20
0.00018452	67.38944137	TCLA.7R3.B1	0	0	W	89.39801935	0.025	0.0036903657	0	0.00021252	1	49	20
0.00093334	1724.232434	TCTPH.4L5.B1	0	0	W	661.0627275	0.025	0.0093334324	0	0.00057792	1	58	10
0.0009352	1731.100535	TCTPV.4L5.B1	0	1.571	W	698.0187158	0.025	0.0059385037	0	0.00059385	1	59	10
0.00049465	484.2939207	TCDQA.A4R6.B	0	0	CU300K_in_TDI	161.3884308	5e-06	0.0041055948	0	0.00028555	3	71	8.3
0.00049465	484.2939207	TCDQA.A4R6.B	0	0	CFC	161.3884308	0.035	0.0041055948	0	0.00028555	3	71	8.3
0.00049465	484.2939207	TCDQA.A4R6.B	0	0	graphite	161.3884308	0.04	0.0041055948	0	0.00028555	3	71	8.3
0.00050022	495.2540849	TCDQA.C4R6.B	0	0	CU300K_in_TDI	165.458926	5e-06	0.0041517922	0	0.00028913	3	73	8.3
0.00050022	495.2540849	TCDQA.C4R6.B	0	0	CFC	165.458926	0.035	0.0041517922	0	0.00028913	3	73	8.3
0.00050022	495.2540849	TCDQA.C4R6.B	0	0	graphite	165.458926	0.04	0.0041517922	0	0.00028913	3	73	8.3
0.00050581	506.3883527	TCDQA.B4R6.B	0	0	CU300K_in_TDI	169.7343774	5e-06	0.0041982029	0	0.00029284	3	72	8.3
0.00050581	506.3883527	TCDQA.B4R6.B	0	0	CFC	169.7343774	0.035	0.0041982029	0	0.00029284	3	72	8.3
0.00050581	506.3883527	TCDQA.B4R6.B	0	0	graphite	169.7343774	0.04	0.0041982029	0	0.00029284	3	72	8.3
0.000512	518.8532114	TCSP.A4R6.B1	0	0	C	174.6805824	0.025	0.0042495587	0	0.00029707	1	74	8.3
0.00028331	158.8661773	TCP.D6L7.B1	0	1.571	CFC	78.26268013	0.025	0.001093663	0	0.00019885	0.6	10	5.5
0.00027577	150.5239848	TCP.C6L7.B1	0	0	CFC	82.76243337	0.025	0.0015167326	0	0.00020448	0.6	11	5.5
0.00026828	142.4585021	TCP.B6L7.B1	0	2.215	CFC	87.48737171	0.025	0.0012806619	0	0.00021024	0.6	12	5.5
0.00014193	39.8715562	TCSG.A6L7.B1	0	2.46266	CFC	226.9212056	0.025	0.0017970304	0	0.0003386	1	16	7.5
0.00028433	160.0139522	TCSG.B5L7.B1	0	2.50455	CFC	166.5130214	0.025	0.0021477411	0	0.00029005	1	18	7.5
0.00030654	185.9930849	TCSG.A5L7.B1	0	0.71035	CFC	145.9293083	0.025	0.0021912522	0	0.00027153	1	20	7.5
0.00041015	332.959989	TCSG.D4L7.B1	0	1.5708	CFC	68.86047458	0.025	0.0013989099	0	0.00018652	1	22	7.5
0.00026572	139.7578871	TCSG.B4L7.B1	0	0	CFC	130.9955084	0.025	0.001992934	0	0.00025726	1	26	7.5
0.00025497	128.6710843	TCSG.A4L7.B1	0	2.34921	CFC	141.295416	0.025	0.0019592348	0	0.00026718	1	28	7.5
0.00024446	118.2810712	TCSG.A4R7.B1	0	0.80809	CFC	152.2203379	0.025	0.0019661066	0	0.00027732	1	30	7.5
0.00024812	121.8533098	TCSG.B5R7.B1	0	2.46964	CFC	267.5806525	0.025	0.0022511918	0	0.00036768	1	36	7.5
0.00032873	213.885116	TCSG.D5R7.B1	0	0.8971	CFC	158.552956	0.025	0.0022622942	0	0.00028303	1	40	7.5
0.00034924	241.4086028	TCSG.E5R7.B1	0	2.27765	CFC	136.1173896	0.025	0.0022650393	0	0.00026224	1	42	7.5
0.00041187	335.7666969	TCSG.6R7.B1	0	0.00873	CFC	47.35650485	0.025	0.003088939	0	0.00015468	1	44	7.5
0.00038742	297.0758561	TCLA.A6R7.B1	0	1.571	W	48.15513406	0.025	0.0017157638	0	0.00015598	1	50	11
0.00028388	159.5043939	TCLA.B6R7.B1	0	0	W	76.38768675	0.025	0.0031226441	0	0.00019645	1	51	11
0.00018619	68.61722876	TCLA.C6R7.B1	0	1.571	W	151.8870104	0.025	0.0030471686	0	0.00027702	1	52	11
0.00018129	65.04935204	TCLA.D6R7.B1	0	0	W	157.9157287	0.025	0.0019941492	0	0.00028246	1	53	11
0.00018071	64.63387508	TCLA.A7R7.B1	0	0	W	146.4538245	0.025	0.0019877706	0	0.00027202	1	54	11
0.00034905	241.1571802	TCTPH.4L8.B1	0	0	W	301.7606551	0.025	0.0052358216	0	0.00039046	1	60	15
0.0003566	251.6986849	TCTPV.4L8.B1	0	1.571	W	302.9580883	0.025	0.0058684852	0	0.00039123	1	62	15
0.00093334	1724.23244	TCTPH.4L1.B1	0	0	W	661.0627268	0.025	0.0093334324	0	0.00057792	1	55	10
0.0009352	1731.100542	TCTPV.4L1.B1	0	1.571	W	698.0187151	0.025	0.0059385036	0	0.00059385	1	56	10
