sigx[m]	Betax[m]	Name	tilt2[rad]	Angle[rad]	Material	Betay[m]	Thickness[m]	Halfgap[m]	tilt1[rad]	sigy[m]	Length[m]	ID	nsig
0.00019902   78.3967   TCL.4R1.B1   0   0   CU   160.6895   0.025   0.024981   0   0.00028493   1   63   999   
0.00027071   145.0485   TCL.5R1.B1   0   0   CU   129.0761   0.025   0.025001   0   0.00025537   1   64   999   
0.00023129   105.885   TCL.6R1.B1   0   0   W   146.6458   0.025   0.024959   0   0.00027219   1   65   999   
0.00015342   46.5886   TCTPH.4L2.B1   0   0   W   48.2673   0.025   0.0055957   0   0.00015616   1   57   37   
0.00015559   47.9176   TCTPV.4L2.B1   0   1.571   W   46.4196   0.025   0.0057148   0   0.00015314   1   61   37   
0.00023404   108.4118   TDI.4L2.B1.1   0   1.571   Ti_in_TDI   44.1638   5e-06   0.055093   0   0.00014937   4   75   999   
0.00023404   108.4118   TDI.4L2.B1.1   0   1.571   HBN   44.1638   0.054   0.055093   0   0.00014937   4   75   999   
0.00023404   108.4118   TDI.4L2.B1.2   0   1.571   CU300K_in_TDI   44.1638   2e-06   0.055093   0   0.00014937   0.6   75   999   
0.00023404   108.4118   TDI.4L2.B1.2   0   1.571   Al   44.1638   0.054   0.055093   0   0.00014937   0.6   75   999   
0.00023404   108.4118   TDI.4L2.B1.3   0   1.571   Cu   44.1638   0.054   0.055093   0   0.00014937   0.7   75   999   
0.00016199   51.9403   TCLIA.4R2   0   1.571   C   128.0874   0.033   0.027941   0   0.00025439   1   69   999   
0.0003601   256.6612   TCLIB.6R2.B1   0   1.571   CFC   38.7049   0.025   0.024831   0   0.00013984   1   70   999   
0.00025764   131.3874   TCP.6L3.B1   0   0   CFC   144.6387   0.025   0.0038702   0   0.00027032   0.6   1   15   
0.00016597   54.5214   TCSG.5L3.B1   0   0   CFC   298.5069   0.025   0.0029875   0   0.00038835   1   2   18   
0.0001151   26.2218   TCSG.4R3.B1   0   0   CFC   395.2928   0.025   0.0020758   0   0.00044689   1   4   18   
0.00013457   35.8435   TCSG.A5R3.B1   0   2.981   CFC   344.2016   0.025   0.0026818   0   0.00041701   1   6   18   
0.0001516   45.4907   TCSG.B5R3.B1   0   0.19897   CFC   312.7628   0.025   0.0030091   0   0.00039751   1   8   18   
0.00026814   142.3125   TCLA.A5R3.B1   0   1.571   W   176.0723   0.025   0.0059425   0   0.00029826   1   46   20   
0.00027656   151.3839   TCLA.B5R3.B1   0   0   W   168.7446   0.025   0.0055686   0   0.00029198   1   47   20   
0.00025557   129.2824   TCLA.6R3.B1   0   0   W   168.726   0.025   0.0051183   0   0.00029197   1   48   20   
0.00018465   67.4823   TCLA.7R3.B1   0   0   W   89.379   0.025   0.0037335   0   0.0002125   1   49   20   
0.00028137   156.6955   TCTPH.4L5.B1   0   0   W   78.4681   0.025   0.010469   0   0.00019911   1   58   37   
0.00027917   154.2592   TCTPV.4L5.B1   0   1.571   W   78.6285   0.025   0.0073507   0   0.00019931   1   59   37   
0.00019942   78.711   TCL.4R5.B1   0   0   CU   160.6301   0.025   0.02501   0   0.00028488   1   66   999   
0.00027083   145.1802   TCL.5R5.B1   0   0   CU   129.3709   0.025   0.02507   0   0.00025566   1   67   999   
0.00022369   99.0397   TCL.6R5.B1   0   0   W   152.821   0.025   0.024895   0   0.00027787   1   68   999   
0.00049415   483.3192   TCDQA.A4R6.B   0   0   C   161.4042   0.075   0.0027019   0   0.00028556   3   71   9.1   
0.0004997   494.2381   TCDQA.B4R6.B   0   0   C   165.4785   0.075   0.0027019   0   0.00028914   3   72   9.1   
0.00050528   505.3305   TCDQA.C4R6.B   0   0   C   169.7579   0.075   0.0027019   0   0.00029286   3   73   9.1   
0.00051145   517.7486   TCSP.A4R6.B1   0   0   CFC   174.7085   0.025   0.0046676   0   0.0002971   1   74   9.1   
0.00028265   158.1305   TCP.D6L7.B1   0   1.571   CFC   78.2923   0.025   0.0011165   0   0.00019889   0.6   10   5.5   
0.00027514   149.8324   TCP.C6L7.B1   0   0   CFC   82.7953   0.025   0.0015135   0   0.00020452   0.6   11   5.5   
0.00026767   141.8099   TCP.B6L7.B1   0   2.215   CFC   87.5236   0.025   0.0012783   0   0.00021028   0.6   12   5.5   
0.00014189   39.8466   TCSG.A6L7.B1   0   2.4627   CFC   227.0419   0.025   0.0015291   0   0.00033869   1   16   8   
0.00028474   160.4724   TCSG.B5L7.B1   0   2.5046   CFC   166.5975   0.025   0.0018355   0   0.00029012   1   18   8   
0.00030695   186.4918   TCSG.A5L7.B1   0   0.71035   CFC   146.002   0.025   0.001882   0   0.0002716   1   20   8   
0.00041055   333.6183   TCSG.D4L7.B1   0   1.5708   CFC   68.8857   0.025   0.0012135   0   0.00018656   1   22   8   
0.00026562   139.6524   TCSG.B4L7.B1   0   0   CFC   130.9301   0.025   0.0017311   0   0.0002572   1   26   8   
0.00025483   128.5375   TCSG.A4L7.B1   0   2.3492   CFC   141.2234   0.025   0.0016894   0   0.00026711   1   28   8   
0.00024429   118.1224   TCSG.A4R7.B1   0   0.80809   CFC   152.1415   0.025   0.0017223   0   0.00027725   1   30   8   
0.00024811   121.8441   TCSG.B5R7.B1   0   2.4696   CFC   267.4498   0.025   0.0019073   0   0.00036759   1   36   8   
0.00032887   214.0733   TCSG.D5R7.B1   0   0.8971   CFC   158.4817   0.025   0.0019547   0   0.00028297   1   40   8   
0.00034942   241.6612   TCSG.E5R7.B1   0   2.2776   CFC   136.0585   0.025   0.0019417   0   0.00026218   1   42   8   
0.00041229   336.4419   TCSG.6R7.B1   0   0.00873   CFC   47.3588   0.025   0.0026605   0   0.00015468   1   44   8   
0.00038784   297.7311   TCLA.A6R7.B1   0   1.571   W   48.1649   0.025   0.0021842   0   0.00015599   1   50   14   
0.00028435   160.035   TCLA.B6R7.B1   0   0   W   76.4283   0.025   0.0039574   0   0.0001965   1   51   14   
0.00018664   68.945   TCLA.C6R7.B1   0   1.571   W   151.9579   0.025   0.0039275   0   0.00027708   1   52   14   
0.00018172   65.3627   TCLA.D6R7.B1   0   0   W   157.9883   0.025   0.0025361   0   0.00028252   1   53   14   
0.00018109   64.9095   TCLA.A7R7.B1   0   0   W   146.5112   0.025   0.0025501   0   0.00027207   1   54   14   
0.00015341   46.5835   TCTPH.4L8.B1   0   0   W   48.2563   0.025   0.0055822   0   0.00015614   1   60   37   
0.00015598   48.1568   TCTPV.4L8.B1   0   1.571   W   46.0931   0.025   0.0055306   0   0.0001526   1   62   37   
0.00028197   157.3682   TCTPH.4L1.B1   0   0   W   78.4393   0.025   0.010417   0   0.00019907   1   55   37   
0.00027977   154.9221   TCTPV.4L1.B1   0   1.571   W   78.5999   0.025   0.0073631   0   0.00019928   1   56   37   
