ID	name	angle[rad]	betax[m]	betay[m]	halfgap[m]	Material	Length[m]	sigx[m]	sigy[m]	tilt1[rad]	tilt2[rad]	nsig
1	TCL.4L1.B2	0	79.00060981	161.6032042	0.1995832962	CU	1	0.00019978	0.00028574	0	0	999
2	TCL.5L1.B2	0	144.0540692	131.9399319	0.2695080454	CU	1	0.00026978	0.00025819	0	0	999
3	TCL.6L1.B2	0	102.0719079	157.0769063	0.2268621718	W	1	0.00022709	0.00028171	0	0	999
4	TCTPH.4R8.B2	0	46.82260855	48.31636739	0.0056907959	W	1	0.00015381	0.00015624	0	0	37
6	TCTPV.4R8.B2	1.57079632	48.40652713	46.18663087	0.0056520155	W	1	0.00015639	0.00015276	0	0	37
5	TDI.4R8.B2	1.57079632	108.6240333	44.47353869	0.14974758	C	4	0.00023426	0.0001499	0	0	999
7	TCLIA.4L8	1.57079632	52.19809315	128.388282	0.2544319596	C	1	0.00016239	0.00025469	0	0	999
8	TCLIB.6L8.B2	1.57079632	221.7736907	14.92553573	0.0867508889	C	1	0.00033473	0.000086838	0	0	999
9	TCP.D6R7.B2	1.57079632	158.7855279	78.30363057	0.0010939491	C	0.6	0.00028324	0.0001989	0	0	5.5
10	TCP.C6R7.B2	0	150.4438354	82.80686778	0.0015163287	C	0.6	0.0002757	0.00020454	0	0	5.5
11	TCP.B6R7.B2	2.22529479	142.3789697	87.53536548	0.0012839146	C	0.6	0.0002682	0.0002103	0	0	5.5
15	TCSG.A6R7.B2	2.46615023	39.8281675	227.054932	0.0019116656	C	1	0.00014185	0.0003387	0	0	8
17	TCSG.B5R7.B2	2.5062928	160.1728625	166.5946498	0.0022917767	C	1	0.00028447	0.00029012	0	0	8
19	TCSG.A5R7.B2	0.70860367	186.1815125	145.9981997	0.0023387668	C	1	0.0003067	0.00027159	0	0	8
21	TCSG.D4R7.B2	1.57079632	333.3151321	68.87908167	0.0014923722	C	1	0.00041037	0.00018655	0	0	8
25	TCSG.B4R7.B2	0	151.699256	121.2490197	0.0022147525	C	1	0.00027684	0.0002475	0	0	8
27	TCSG.A4R7.B2	2.30557994	139.9006446	130.9176212	0.0020889514	C	1	0.00026586	0.00025718	0	0	8
29	TCSG.A4L7.B2	0.73478361	99.67906778	175.8410489	0.0020808596	C	1	0.00022441	0.00029806	0	0	8
35	TCSG.B5L7.B2	2.46964089	121.7226385	267.4587175	0.0024004133	C	1	0.00024799	0.0003676	0	0	8
39	TCSG.D5L7.B2	0.89709923	213.6687062	158.4910414	0.0024122963	C	1	0.00032856	0.00028297	0	0	8
41	TCSG.E5L7.B2	2.27765467	241.1679621	136.0676593	0.0024151734	C	1	0.00034906	0.00026219	0	0	8
43	TCSG.6L7.B2	0.00872664	335.4705246	47.3668375	0.0032934149	C	1	0.00041169	0.0001547	0	0	8
45	TCLA.A6L7.B2	1.57079632	296.822607	48.1730135	0.0021841046	W	1	0.00038725	0.00015601	0	0	14
46	TCLA.B6L7.B2	0	159.4043902	76.4326566	0.0039730283	W	1	0.00028379	0.00019651	0	0	14
47	TCLA.C6L7.B2	1.57079632	68.61986728	151.9504521	0.0038790244	W	1	0.0001862	0.00027707	0	0	14
48	TCLA.D6L7.B2	0	65.05609537	157.9799265	0.0025381396	W	1	0.0001813	0.00028252	0	0	14
49	TCLA.A7L7.B2	0	65.98871323	143.1853022	0.0025562678	W	1	0.00018259	0.00026896	0	0	14
50	TCDQA.A4L6.B	0	488.5144402	161.7955824	0.0045208862	C	3	0.0004968	0.00028591	0	0	9.1
52	TCDQA.C4L6.B	0	499.5952431	165.3792044	0.0045718716	C	3	0.0005024	0.00028906	0	0	9.1
51	TCDQA.B4L6.B	0	510.8513322	169.1561839	0.0046230878	C	3	0.00050803	0.00029234	0	0	9.1
53	TCSP.A4L6.B2	0	523.4517344	173.5399449	0.0046797558	C	1	0.00051426	0.0002961	0	0	9.1
54	TCTPH.4R5.B2	0	157.7231654	78.79648739	0.0104446273	W	1	0.00028229	0.00019952	0	0	37
55	TCTPV.4R5.B2	1.57079632	155.280204	78.95992762	0.0073900704	W	1	0.00028009	0.00019973	0	0	37
56	TCL.4L5.B2	0	79.00785295	161.5176956	0.1995924454	CU	1	0.00019979	0.00028566	0	0	999
57	TCL.5L5.B2	0	144.3440888	131.5562303	0.2697792051	CU	1	0.00027005	0.00025781	0	0	999
58	TCL.6L5.B2	0	94.9485531	163.9574577	0.2188029357	W	1	0.00021902	0.00028781	0	0	999
59	TCP.6R3.B2	0	131.2352775	144.6070528	0.0038624248	C	0.6	0.00025749	0.0002703	0	0	15
60	TCSG.5R3.B2	0	54.5304372	298.4487822	0.0029876896	C	1	0.00016598	0.00038831	0	0	18
62	TCSG.4L3.B2	0	26.17789209	395.37181	0.0020700619	C	1	0.000115	0.00044694	0	0	18
64	TCSG.A5L3.B2	2.98102236	35.7914711	344.272412	0.0026738786	C	1	0.00013447	0.00041706	0	0	18
66	TCSG.B5L3.B2	0.18849555	45.43915335	312.8280324	0.0029958205	C	1	0.00015152	0.00039755	0	0	18
68	TCLA.A5L3.B2	1.57079632	142.3259513	176.1114199	0.00596578	W	1	0.00026815	0.00029829	0	0	20
69	TCLA.B5L3.B2	0	151.4052722	168.7821605	0.0055315135	W	1	0.00027658	0.00029202	0	0	20
70	TCLA.6L3.B2	0	129.4387668	168.7207805	0.0051145292	W	1	0.00025573	0.00029196	0	0	20
71	TCLA.7L3.B2	0	66.80930098	93.2026516	0.0036744466	W	1	0.00018372	0.000217	0	0	20
72	TCTPH.4R2.B2	0	46.69123449	48.64770504	0.0056828067	W	1	0.00015359	0.00015677	0	0	37
73	TCTPV.4R2.B2	1.57079632	48.26655339	46.48492794	0.005670238	W	1	0.00015616	0.00015325	0	0	37
74	TCTPH.4R1.B2	0	157.6519768	78.77533573	0.0104422699	W	1	0.00028222	0.0001995	0	0	37
75	TCTPV.4R1.B2	1.57079632	155.204753	78.94145655	0.007389206	W	1	0.00028002	0.00019971	0	0	37
