names            s            l            betx         bety         dx           dy          
MO.22R1.B2          1.023e+03  320.000e-03  176.039       32.561        2.179        0.       
MO.24R1.B2          1.130e+03  320.000e-03  175.972       32.556        2.179        0.       
MO.25R1.B2          1.183e+03  320.000e-03   32.549      175.629        1.080        0.       
MO.26R1.B2          1.237e+03  320.000e-03  176.039       32.561        2.177        0.       
MO.28R1.B2          1.344e+03  320.000e-03  175.972       32.556        2.177        0.       
MO.29R1.B2          1.397e+03  320.000e-03   32.549      175.629        1.080        0.       
MO.30R1.B2          1.451e+03  320.000e-03  176.039       32.561        2.179        0.       
MO.31R1.B2          1.504e+03  320.000e-03   32.567      176.412        1.081        0.       
MO.32R1.B2          1.558e+03  320.000e-03  175.972       32.556        2.179        0.       
MO.33R1.B2          1.611e+03  320.000e-03   32.549      175.629        1.080        0.       
MO.34R1.B2          1.665e+03  320.000e-03  176.039       32.561        2.177        0.       
MO.33L2.B2          1.718e+03  320.000e-03   32.567      176.412        1.080        0.       
MO.32L2.B2          1.771e+03  320.000e-03  175.972       32.556        2.177        0.       
MO.31L2.B2          1.825e+03  320.000e-03   32.549      175.629        1.080        0.       
MO.30L2.B2          1.878e+03  320.000e-03  176.039       32.561        2.179        0.       
MO.29L2.B2          1.932e+03  320.000e-03   32.567      176.412        1.081        0.       
MO.28L2.B2          1.985e+03  320.000e-03  175.972       32.556        2.179        0.       
MO.26L2.B2          2.092e+03  320.000e-03  176.039       32.561        2.177        0.       
MO.25L2.B2          2.146e+03  320.000e-03   32.567      176.412        1.080        0.       
MO.24L2.B2          2.199e+03  320.000e-03  175.972       32.556        2.177        0.       
MO.22L2.B2          2.306e+03  320.000e-03  176.039       32.561        2.179        0.       
MO.22R2.B2          4.355e+03  320.000e-03   31.728      176.492        1.048        0.       
MO.24R2.B2          4.462e+03  320.000e-03   31.714      177.164        1.047        0.       
MO.25R2.B2          4.515e+03  320.000e-03  176.260       32.344        2.124        0.       
MO.26R2.B2          4.569e+03  320.000e-03   31.726      176.494        1.047        0.       
MO.28R2.B2          4.676e+03  320.000e-03   31.716      177.163        1.048        0.       
MO.29R2.B2          4.729e+03  320.000e-03  176.262       32.344        2.126        0.       
MO.30R2.B2          4.783e+03  320.000e-03   31.724      176.495        1.048        0.       
MO.31R2.B2          4.836e+03  320.000e-03  176.046       32.441        2.125        0.       
MO.32R2.B2          4.890e+03  320.000e-03   31.718      177.162        1.047        0.       
MO.33R2.B2          4.943e+03  320.000e-03  176.262       32.344        2.123        0.       
MO.34R2.B2          4.996e+03  320.000e-03   31.722      176.496        1.047        0.       
MO.33L3.B2          5.050e+03  320.000e-03  176.046       32.441        2.125        0.       
MO.32L3.B2          5.103e+03  320.000e-03   31.720      177.160        1.048        0.       
MO.31L3.B2          5.157e+03  320.000e-03  176.262       32.344        2.126        0.       
MO.30L3.B2          5.210e+03  320.000e-03   31.720      176.497        1.048        0.       
MO.29L3.B2          5.264e+03  320.000e-03  176.047       32.442        2.125        0.       
MO.28L3.B2          5.317e+03  320.000e-03   31.722      177.159        1.047        0.       
MO.26L3.B2          5.424e+03  320.000e-03   31.718      176.499        1.047        0.       
MO.25L3.B2          5.477e+03  320.000e-03  176.050       32.442        2.125        0.       
MO.24L3.B2          5.531e+03  320.000e-03   31.724      177.158        1.048        0.       
MO.22L3.B2          5.638e+03  320.000e-03   31.716      176.500        1.048        0.       
MO.22R3.B2          7.688e+03  320.000e-03  176.050       32.478        2.124        0.       
MO.24R3.B2          7.795e+03  320.000e-03  176.261       32.307        2.125        0.       
MO.25R3.B2          7.848e+03  320.000e-03   31.733      176.893        1.048        0.       
MO.26R3.B2          7.902e+03  320.000e-03  176.044       32.478        2.126        0.       
MO.28R3.B2          8.009e+03  320.000e-03  176.267       32.307        2.124        0.       
MO.29R3.B2          8.062e+03  320.000e-03   31.731      176.895        1.047        0.       
MO.30R3.B2          8.115e+03  320.000e-03  176.039       32.478        2.124        0.       
MO.31R3.B2          8.169e+03  320.000e-03   31.711      176.761        1.047        0.       
MO.32R3.B2          8.222e+03  320.000e-03  176.272       32.307        2.125        0.       
MO.33R3.B2          8.276e+03  320.000e-03   31.729      176.897        1.048        0.       
MO.34R3.B2          8.329e+03  320.000e-03  176.035       32.478        2.126        0.       
MO.33L4.B2          8.383e+03  320.000e-03   31.713      176.759        1.047        0.       
MO.32L4.B2          8.436e+03  320.000e-03  176.275       32.307        2.124        0.       
MO.31L4.B2          8.490e+03  320.000e-03   31.727      176.899        1.047        0.       
MO.30L4.B2          8.543e+03  320.000e-03  176.032       32.478        2.124        0.       
MO.29L4.B2          8.597e+03  320.000e-03   31.715      176.757        1.047        0.       
MO.28L4.B2          8.650e+03  320.000e-03  176.277       32.308        2.126        0.       
MO.26L4.B2          8.757e+03  320.000e-03  176.031       32.478        2.125        0.       
MO.25L4.B2          8.810e+03  320.000e-03   31.718      176.755        1.047        0.       
MO.24L4.B2          8.864e+03  320.000e-03  176.278       32.308        2.124        0.       
MO.22L4.B2          8.971e+03  320.000e-03  176.031       32.478        2.124        0.       
MO.22R4.B2         11.020e+03  320.000e-03   32.553      176.355        1.081        0.       
MO.24R4.B2         11.127e+03  320.000e-03   32.558      175.713        1.080        0.       
MO.25R4.B2         11.180e+03  320.000e-03  176.130       32.522        2.177        0.       
MO.26R4.B2         11.234e+03  320.000e-03   32.553      176.355        1.080        0.       
MO.28R4.B2         11.341e+03  320.000e-03   32.558      175.713        1.080        0.       
MO.29R4.B2         11.394e+03  320.000e-03  176.130       32.522        2.178        0.       
MO.30R4.B2         11.448e+03  320.000e-03   32.553      176.355        1.081        0.       
MO.31R4.B2         11.501e+03  320.000e-03  175.909       32.590        2.178        0.       
MO.32R4.B2         11.554e+03  320.000e-03   32.558      175.713        1.080        0.       
MO.33R4.B2         11.608e+03  320.000e-03  176.130       32.522        2.177        0.       
MO.34R4.B2         11.661e+03  320.000e-03   32.553      176.355        1.080        0.       
MO.33L5.B2         11.715e+03  320.000e-03  175.909       32.590        2.177        0.       
MO.32L5.B2         11.768e+03  320.000e-03   32.558      175.713        1.080        0.       
MO.31L5.B2         11.822e+03  320.000e-03  176.130       32.522        2.178        0.       
MO.30L5.B2         11.875e+03  320.000e-03   32.553      176.355        1.081        0.       
MO.29L5.B2         11.929e+03  320.000e-03  175.909       32.590        2.178        0.       
MO.28L5.B2         11.982e+03  320.000e-03   32.558      175.713        1.080        0.       
MO.26L5.B2         12.089e+03  320.000e-03   32.553      176.355        1.080        0.       
MO.25L5.B2         12.142e+03  320.000e-03  175.909       32.590        2.177        0.       
MO.24L5.B2         12.196e+03  320.000e-03   32.558      175.713        1.080        0.       
MO.22L5.B2         12.303e+03  320.000e-03   32.553      176.355        1.081        0.       
MO.22R5.B2         14.353e+03  320.000e-03  176.193       32.631        2.178        0.       
MO.24R5.B2         14.460e+03  320.000e-03  175.819       32.487        2.179        0.       
MO.25R5.B2         14.513e+03  320.000e-03   32.512      175.590        1.080        0.       
MO.26R5.B2         14.567e+03  320.000e-03  176.193       32.631        2.177        0.       
MO.28R5.B2         14.673e+03  320.000e-03  175.819       32.487        2.177        0.       
MO.29R5.B2         14.727e+03  320.000e-03   32.512      175.590        1.080        0.       
MO.30R5.B2         14.780e+03  320.000e-03  176.193       32.631        2.178        0.       
MO.31R5.B2         14.834e+03  320.000e-03   32.604      176.452        1.081        0.       
MO.32R5.B2         14.887e+03  320.000e-03  175.819       32.487        2.179        0.       
MO.33R5.B2         14.941e+03  320.000e-03   32.512      175.590        1.080        0.       
MO.34R5.B2         14.994e+03  320.000e-03  176.193       32.631        2.177        0.       
MO.33L6.B2         15.048e+03  320.000e-03   32.604      176.452        1.080        0.       
MO.32L6.B2         15.101e+03  320.000e-03  175.819       32.487        2.177        0.       
MO.31L6.B2         15.154e+03  320.000e-03   32.512      175.590        1.080        0.       
MO.30L6.B2         15.208e+03  320.000e-03  176.193       32.631        2.178        0.       
MO.29L6.B2         15.261e+03  320.000e-03   32.604      176.452        1.081        0.       
MO.28L6.B2         15.315e+03  320.000e-03  175.819       32.487        2.179        0.       
MO.26L6.B2         15.422e+03  320.000e-03  176.193       32.631        2.177        0.       
MO.25L6.B2         15.475e+03  320.000e-03   32.604      176.452        1.080        0.       
MO.24L6.B2         15.529e+03  320.000e-03  175.819       32.487        2.177        0.       
MO.22L6.B2         15.635e+03  320.000e-03  176.193       32.631        2.178        0.       
MO.22R6.B2         17.685e+03  320.000e-03   31.689      176.289        1.048        0.       
MO.24R6.B2         17.791e+03  320.000e-03   31.759      177.342        1.047        0.       
MO.25R6.B2         17.845e+03  320.000e-03  176.358       32.472        2.124        0.       
MO.26R6.B2         17.898e+03  320.000e-03   31.685      176.288        1.047        0.       
MO.28R6.B2         18.005e+03  320.000e-03   31.764      177.343        1.048        0.       
MO.29R6.B2         18.059e+03  320.000e-03  176.334       32.472        2.126        0.       
MO.30R6.B2         18.112e+03  320.000e-03   31.681      176.286        1.048        0.       
MO.31R6.B2         18.166e+03  320.000e-03  175.959       32.319        2.125        0.       
MO.32R6.B2         18.219e+03  320.000e-03   31.768      177.345        1.047        0.       
MO.33R6.B2         18.273e+03  320.000e-03  176.308       32.471        2.124        0.       
MO.34R6.B2         18.326e+03  320.000e-03   31.677      176.285        1.047        0.       
MO.33L7.B2         18.379e+03  320.000e-03  175.986       32.319        2.125        0.       
MO.32L7.B2         18.433e+03  320.000e-03   31.771      177.346        1.048        0.       
MO.31L7.B2         18.486e+03  320.000e-03  176.280       32.471        2.126        0.       
MO.30L7.B2         18.540e+03  320.000e-03   31.674      176.283        1.048        0.       
MO.29L7.B2         18.593e+03  320.000e-03  176.015       32.320        2.125        0.       
MO.28L7.B2         18.647e+03  320.000e-03   31.774      177.348        1.047        0.       
MO.26L7.B2         18.754e+03  320.000e-03   31.671      176.282        1.047        0.       
MO.25L7.B2         18.807e+03  320.000e-03  176.045       32.320        2.125        0.       
MO.24L7.B2         18.860e+03  320.000e-03   31.776      177.349        1.048        0.       
MO.22L7.B2         18.967e+03  320.000e-03   31.669      176.281        1.048        0.       
MO.22R7.B2         21.017e+03  320.000e-03  176.385       32.427        2.125        0.       
MO.24R7.B2         21.124e+03  320.000e-03  175.887       32.363        2.126        0.       
MO.25R7.B2         21.178e+03  320.000e-03   31.693      176.201        1.048        0.       
MO.26R7.B2         21.231e+03  320.000e-03  176.400       32.428        2.125        0.       
MO.28R7.B2         21.338e+03  320.000e-03  175.873       32.363        2.124        0.       
MO.29R7.B2         21.391e+03  320.000e-03   31.697      176.202        1.047        0.       
MO.30R7.B2         21.445e+03  320.000e-03  176.413       32.428        2.125        0.       
MO.31R7.B2         21.498e+03  320.000e-03   31.747      177.428        1.048        0.       
MO.32R7.B2         21.552e+03  320.000e-03  175.862       32.362        2.126        0.       
MO.33R7.B2         21.605e+03  320.000e-03   31.702      176.203        1.048        0.       
MO.34R7.B2         21.659e+03  320.000e-03  176.423       32.429        2.124        0.       
MO.33L8.B2         21.712e+03  320.000e-03   31.742      177.427        1.047        0.       
MO.32L8.B2         21.766e+03  320.000e-03  175.853       32.362        2.124        0.       
MO.31L8.B2         21.819e+03  320.000e-03   31.707      176.204        1.047        0.       
MO.30L8.B2         21.872e+03  320.000e-03  176.429       32.429        2.125        0.       
MO.29L8.B2         21.926e+03  320.000e-03   31.737      177.426        1.048        0.       
MO.28L8.B2         21.979e+03  320.000e-03  175.848       32.361        2.126        0.       
MO.26L8.B2         22.086e+03  320.000e-03  176.433       32.430        2.124        0.       
MO.25L8.B2         22.140e+03  320.000e-03   31.731      177.425        1.047        0.       
MO.24L8.B2         22.193e+03  320.000e-03  175.846       32.361        2.124        0.       
MO.22L8.B2         22.300e+03  320.000e-03  176.434       32.430        2.125        0.       
MO.22R8.B2         24.349e+03  320.000e-03   32.517      176.322        1.081        0.       
MO.24R8.B2         24.456e+03  320.000e-03   32.594      175.748        1.080        0.       
MO.25R8.B2         24.510e+03  320.000e-03  175.975       32.452        2.177        0.       
MO.26R8.B2         24.563e+03  320.000e-03   32.517      176.322        1.080        0.       
MO.28R8.B2         24.670e+03  320.000e-03   32.594      175.747        1.080        0.       
MO.29R8.B2         24.723e+03  320.000e-03  175.975       32.452        2.179        0.       
MO.30R8.B2         24.777e+03  320.000e-03   32.517      176.322        1.081        0.       
MO.31R8.B2         24.830e+03  320.000e-03  176.064       32.660        2.178        0.       
MO.32R8.B2         24.884e+03  320.000e-03   32.594      175.747        1.080        0.       
MO.33R8.B2         24.937e+03  320.000e-03  175.975       32.452        2.177        0.       
MO.34R8.B2         24.991e+03  320.000e-03   32.517      176.323        1.080        0.       
MO.33L1.B2         25.044e+03  320.000e-03  176.064       32.660        2.177        0.       
MO.32L1.B2         25.098e+03  320.000e-03   32.594      175.747        1.080        0.       
MO.31L1.B2         25.151e+03  320.000e-03  175.975       32.452        2.179        0.       
MO.30L1.B2         25.204e+03  320.000e-03   32.517      176.323        1.081        0.       
MO.29L1.B2         25.258e+03  320.000e-03  176.064       32.660        2.178        0.       
MO.28L1.B2         25.311e+03  320.000e-03   32.594      175.747        1.080        0.       
MO.26L1.B2         25.418e+03  320.000e-03   32.517      176.323        1.080        0.       
MO.25L1.B2         25.472e+03  320.000e-03  176.064       32.660        2.177        0.       
MO.24L1.B2         25.525e+03  320.000e-03   32.594      175.746        1.080        0.       
MO.22L1.B2         25.632e+03  320.000e-03   32.517      176.323        1.081        0.       