ID	name	angle[rad]	betax[m]	betay[m]	halfgap[m]	Material	Length[m]	sigx[m]	sigy[m]	tilt1[rad]	tilt2[rad]	nsig
1	TCL.4R1.B1	0	6241.1	4569.7	0.020533	CU	1	0.0017111	0.0014642	0	0	12
2	TCL.5R1.B1	0	760.14	1861.7	0.007166	CU	1	0.00059717	0.00093455	0	0	12
3	TCL.6R1.B1	0	104.97	1038.4	0.002663	CU	1	0.00022192	0.00069797	0	0	12
5	TCTH.4L2.B1	0	84.461	103.35	0.0059717	W	1	0.00019906	0.00022019	0	0	30
6	TCTVA.4L2.B1	1.571	86.252	102.39	0.006575	W	1	0.00020116	0.00021917	0	0	30
7	TDI.4L2.B1	1.571	143.85	96.231	0.21226	CU	4	0.00025978	0.00021247	0	0	999
8	TCLIA.4R2	1.571	98.19	159.82	0.27355	C	1	0.00021463	0.00027382	0	0	999
9	TCLIB.6R2.B1	1.571	153.31	62.415	0.17095	C	1	0.00026819	0.00017112	0	0	999
10	TCP.6L3.B1	0	131.52	144.69	0.003726	C	0.6	0.0002484	0.00026054	0	0	15
11	TCSG.5L3.B1	0	54.605	298.62	0.002881	C	1	0.00016005	0.00037429	0	0	18
12	TCSG.4R3.B1	0	26.21	395.2	0.001996	C	1	0.00011089	0.00043058	0	0	18
13	TCSG.A5R3.B1	2.981	35.868	344.11	0.0025787	C	1	0.00012972	0.00040179	0	0	18
14	TCSG.B5R3.B1	0.19897	45.538	312.68	0.0029169	C	1	0.00014616	0.000383	0	0	18
15	TCLA.A5R3.B1	1.571	142.53	176.01	0.0057472	W	1	0.00025858	0.00028736	0	0	20
16	TCLA.B5R3.B1	0	151.61	168.69	0.005334	W	1	0.0002667	0.00028131	0	0	20
17	TCLA.6R3.B1	0	129.44	168.71	0.0049284	W	1	0.00024642	0.00028133	0	0	20
18	TCLA.7R3.B1	0	67.422	89.198	0.003557	W	1	0.00017785	0.00020456	0	0	20
19	TCTH.4L5.B1	0	4634.4	6453	0.015482	W	1	0.0014745	0.0017399	0	0	10.5
20	TCTV.4L5.B1	1.571	4703.8	6681.6	0.01859	W	1	0.0014855	0.0017705	0	0	10.5
21	TCL.4R5.B1	0	6241.1	4569.7	0.020533	CU	1	0.0017111	0.0014642	0	0	12
22	TCL.5R5.B1	0	760.14	1861.7	0.007166	CU	1	0.00059717	0.00093455	0	0	12
23	TCL.6R5.B1	0	114.65	1054.4	0.002783	CU	1	0.00023192	0.00070333	0	0	12
25	TCDQA.A4R6.B	0	794.3	130.81	0.005494	C	3	0.00061044	0.00024773	0	0	9
26	TCDQA.B4R6.B	0	811.7	133.57	0.0055538	C	3	0.00061709	0.00025032	0	0	9
27	TCDQA.C4R6.B	0	829.32	136.54	0.0056138	C	3	0.00062375	0.0002531	0	0	9
28	TCSG.4R6.B1	0	848.99	140.07	0.0053644	C	1	0.00063111	0.00025635	0	0	8.5
29	TCP.D6L7.B1	1.571	158.87	78.263	0.0010922	C	0.6	0.000273	0.00019161	0	0	5.7
30	TCP.C6L7.B1	0	150.52	82.762	0.0015147	C	0.6	0.00026574	0.00019705	0	0	5.7
31	TCP.B6L7.B1	2.215	142.46	87.487	0.001279	C	0.6	0.00025852	0.00020259	0	0	5.7
32	TCSG.A6L7.B1	2.4627	39.872	226.92	0.0017778	C	1	0.00013677	0.00032628	0	0	7.7
33	TCSG.B5L7.B1	2.5046	160.01	166.51	0.0021248	C	1	0.00027399	0.0002795	0	0	7.7
34	TCSG.A5L7.B1	0.71035	185.99	145.93	0.0021679	C	1	0.00029539	0.00026165	0	0	7.7
35	TCSG.D4L7.B1	1.5708	332.96	68.861	0.001384	C	1	0.00039523	0.00017974	0	0	7.7
36	TCSG.B4L7.B1	0	139.76	131	0.0019717	C	1	0.00025606	0.0002479	0	0	7.7
37	TCSG.A4L7.B1	2.3492	128.67	141.3	0.0019383	C	1	0.00024569	0.00025746	0	0	7.7
38	TCSG.A4R7.B1	0.80809	118.28	152.22	0.0019451	C	1	0.00023556	0.00026723	0	0	7.7
39	TCSG.B5R7.B1	2.4696	121.85	267.58	0.0022272	C	1	0.00023909	0.00035431	0	0	7.7
40	TCSG.D5R7.B1	0.8971	213.89	158.55	0.0022381	C	1	0.00031677	0.00027273	0	0	7.7
41	TCSG.E5R7.B1	2.2776	241.41	136.12	0.0022408	C	1	0.00033653	0.0002527	0	0	7.7
42	TCSG.6R7.B1	0.00873	335.77	47.356	0.003056	C	1	0.00039689	0.00014905	0	0	7.7
43	TCLA.A6R7.B1	1.571	297.08	48.155	0.001503	W	1	0.00037332	0.0001503	0	0	10
44	TCLA.B6R7.B1	0	159.5	76.388	0.0027355	W	1	0.00027355	0.00018931	0	0	10
45	TCLA.C6R7.B1	1.571	68.617	151.89	0.0026694	W	1	0.00017942	0.00026694	0	0	10
46	TCLA.D6R7.B1	0	65.049	157.92	0.0017469	W	1	0.00017469	0.00027218	0	0	10
47	TCLA.A7R7.B1	0	65.655	143.86	0.001755	W	1	0.0001755	0.00025979	0	0	10
48	TCLD.8R7.B1	0	31.371	127.73	0.0012132	W	0.8	0.00012132	0.00024479	0	0	10
49	TCLD.10R7.B1	0	45.73	135.33	0.0014647	W	0.8	0.00014647	0.00025197	0	0	10
50	TCTH.4L8.B1	0	232.21	282.1	0.0099017	W	1	0.00033006	0.00036379	0	0	30
51	TCTVA.4L8.B1	1.571	242.77	283.74	0.010945	W	1	0.00033748	0.00036485	0	0	30
52	TCTH.4L1.B1	0	4634.4	6453	0.015482	W	1	0.0014745	0.0017399	0	0	10.5
53	TCTV.4L1.B1	1.571	4703.8	6681.6	0.01859	W	1	0.0014855	0.0017705	0	0	10.5
