 # ID name  angle[rad]  betax[m]  betay[m] halfgap[m]  Material  Length[m]  sigx[m]  sigy[m] tilt1[rad] tilt2[rad] nsig
         2 TCL.5R1.B1     0.00000E+00   0.55888E+03   0.50716E+04   0.53002E-02 CU   0.10000E+01   0.53002E-03   0.15966E-02   0.00000E+00   0.00000E+00   0.10000E+02
         3 TCL.6R1.B1     0.00000E+00   0.62734E+02   0.18330E+04   0.17758E-02 CU   0.10000E+01   0.17758E-03   0.95987E-03   0.00000E+00   0.00000E+00   0.10000E+02
         5 TCTH.4L2.B1    0.00000E+00   0.91769E+02   0.10222E+03   0.64432E-02 W    0.10000E+01   0.21477E-03   0.22667E-03   0.00000E+00   0.00000E+00   0.30000E+02
         6 TCTVA.4L2.B1   0.15710E+01   0.94164E+02   0.10120E+03   0.67661E-02 W    0.10000E+01   0.21756E-03   0.22554E-03   0.00000E+00   0.00000E+00   0.30000E+02
         7 TDI.4L2.B1     0.15710E+01   0.16595E+03   0.94030E+02   0.21719E+00 CU   0.40000E+01   0.28882E-03   0.21740E-03   0.00000E+00   0.00000E+00   0.99900E+03
         8 TCLIA.4R2      0.15710E+01   0.11432E+03   0.15576E+03   0.27953E+00 C    0.10000E+01   0.23971E-03   0.27981E-03   0.00000E+00   0.00000E+00   0.99900E+03
         9 TCLIB.6R2.B1   0.15710E+01   0.15539E+03   0.32521E+02   0.12773E+00 CFC  0.10000E+01   0.27948E-03   0.12785E-03   0.00000E+00   0.00000E+00   0.99900E+03
        10 TCP.6L3.B1     0.00000E+00   0.11331E+03   0.14642E+03   0.35798E-02 CFC  0.60000E+00   0.23865E-03   0.27129E-03   0.00000E+00   0.00000E+00   0.15000E+02
        11 TCSG.5L3.B1    0.00000E+00   0.48999E+02   0.29957E+03   0.28249E-02 CFC  0.10000E+01   0.15694E-03   0.38805E-03   0.00000E+00   0.00000E+00   0.18000E+02
        12 TCSG.4R3.B1    0.00000E+00   0.24913E+02   0.38511E+03   0.20143E-02 CFC  0.10000E+01   0.11190E-03   0.43997E-03   0.00000E+00   0.00000E+00   0.18000E+02
        13 TCSG.A5R3.B1   0.29810E+01   0.31269E+02   0.33563E+03   0.25218E-02 CFC  0.10000E+01   0.12537E-03   0.41074E-03   0.00000E+00   0.00000E+00   0.18000E+02
        14 TCSG.B5R3.B1   0.19897E+00   0.39217E+02   0.30515E+03   0.28423E-02 CFC  0.10000E+01   0.14040E-03   0.39164E-03   0.00000E+00   0.00000E+00   0.18000E+02
        15 TCLA.A5R3.B1   0.15710E+01   0.12733E+03   0.17265E+03   0.58918E-02 W    0.10000E+01   0.25299E-03   0.29459E-03   0.00000E+00   0.00000E+00   0.20000E+02
        16 TCLA.B5R3.B1   0.00000E+00   0.13584E+03   0.16555E+03   0.52262E-02 W    0.10000E+01   0.26131E-03   0.28847E-03   0.00000E+00   0.00000E+00   0.20000E+02
        17 TCLA.6R3.B1    0.00000E+00   0.12756E+03   0.17311E+03   0.50644E-02 W    0.10000E+01   0.25322E-03   0.29498E-03   0.00000E+00   0.00000E+00   0.20000E+02
        18 TCLA.7R3.B1    0.00000E+00   0.72169E+02   0.91629E+02   0.38092E-02 W    0.10000E+01   0.19046E-03   0.21461E-03   0.00000E+00   0.00000E+00   0.20000E+02
        19 TCTH.4L5.B1    0.00000E+00   0.23136E+04   0.31674E+04   0.11323E-01 W    0.10000E+01   0.10784E-02   0.12618E-02   0.00000E+00   0.00000E+00   0.10500E+02
        20 TCTVA.4L5.B1   0.15710E+01   0.23453E+04   0.32932E+04   0.13509E-01 W    0.10000E+01   0.10858E-02   0.12866E-02   0.00000E+00   0.00000E+00   0.10500E+02
        21 TCL.4R5.B1     0.00000E+00   0.28108E+04   0.24495E+04   0.11886E-01 CU   0.10000E+01   0.11886E-02   0.11096E-02   0.00000E+00   0.00000E+00   0.10000E+02
        22 TCL.5R5.B1     0.00000E+00   0.62973E+03   0.12837E+04   0.56261E-02 CU   0.10000E+01   0.56261E-03   0.80329E-03   0.00000E+00   0.00000E+00   0.10000E+02
        23 TCL.6R5.B1     0.00000E+00   0.56242E+02   0.44227E+03   0.16814E-02 CU   0.10000E+01   0.16814E-03   0.47150E-03   0.00000E+00   0.00000E+00   0.10000E+02
        25 TCDQA.A4R6.B   0.00000E+00   0.61735E+03   0.16772E+03   0.50135E-02 CFC  0.30000E+01   0.55706E-03   0.29035E-03   0.00000E+00   0.00000E+00   0.90000E+01
        26 TCDQA.B4R6.B   0.00000E+00   0.63102E+03   0.17286E+03   0.50687E-02 CFC  0.30000E+01   0.56319E-03   0.29477E-03   0.00000E+00   0.00000E+00   0.90000E+01
        27 TCDQA.C4R6.B   0.00000E+00   0.64487E+03   0.17822E+03   0.51240E-02 CFC  0.30000E+01   0.56934E-03   0.29931E-03   0.00000E+00   0.00000E+00   0.90000E+01
        28 TCSG.4R6.B1    0.00000E+00   0.66034E+03   0.18439E+03   0.48971E-02 CFC  0.10000E+01   0.57613E-03   0.30444E-03   0.00000E+00   0.00000E+00   0.85000E+01
        29 TCP.D6L7.B1    0.15710E+01   0.15057E+03   0.76259E+02   0.11160E-02 CFC  0.60000E+00   0.27510E-03   0.19578E-03   0.00000E+00   0.00000E+00   0.57000E+01
        30 TCP.C6L7.B1    0.00000E+00   0.14213E+03   0.80739E+02   0.15235E-02 CFC  0.60000E+00   0.26729E-03   0.20145E-03   0.00000E+00   0.00000E+00   0.57000E+01
        31 TCP.B6L7.B1    0.22150E+01   0.13400E+03   0.85448E+02   0.12967E-02 CFC  0.60000E+00   0.25952E-03   0.20725E-03   0.00000E+00   0.00000E+00   0.57000E+01
        32 TCSG.A6L7.B1   0.24627E+01   0.34324E+02   0.22551E+03   0.18083E-02 CFC  0.10000E+01   0.13135E-03   0.33668E-03   0.00000E+00   0.00000E+00   0.77000E+01
        33 TCSG.B5L7.B1   0.25046E+01   0.18309E+03   0.16801E+03   0.23016E-02 CFC  0.10000E+01   0.30336E-03   0.29060E-03   0.00000E+00   0.00000E+00   0.77000E+01
        34 TCSG.A5L7.B1   0.71035E+00   0.21338E+03   0.14748E+03   0.23504E-02 CFC  0.10000E+01   0.32750E-03   0.27227E-03   0.00000E+00   0.00000E+00   0.77000E+01
        35 TCSG.D4L7.B1   0.15708E+01   0.38484E+03   0.70491E+02   0.14494E-02 CFC  0.10000E+01   0.43982E-03   0.18823E-03   0.00000E+00   0.00000E+00   0.77000E+01
        36 TCSG.B4L7.B1   0.00000E+00   0.16126E+03   0.13295E+03   0.21922E-02 CFC  0.10000E+01   0.28471E-03   0.25851E-03   0.00000E+00   0.00000E+00   0.77000E+01
        37 TCSG.A4L7.B1   0.23492E+01   0.14808E+03   0.14315E+03   0.20829E-02 CFC  0.10000E+01   0.27282E-03   0.26824E-03   0.00000E+00   0.00000E+00   0.77000E+01
        38 TCSG.A4R7.B1   0.80809E+00   0.13567E+03   0.15395E+03   0.20804E-02 CFC  0.10000E+01   0.26114E-03   0.27818E-03   0.00000E+00   0.00000E+00   0.77000E+01
        39 TCSG.B5R7.B1   0.24696E+01   0.10506E+03   0.26454E+03   0.22300E-02 CFC  0.10000E+01   0.22980E-03   0.36465E-03   0.00000E+00   0.00000E+00   0.77000E+01
        40 TCSG.D5R7.B1   0.89710E+00   0.18589E+03   0.15598E+03   0.22351E-02 CFC  0.10000E+01   0.30567E-03   0.28001E-03   0.00000E+00   0.00000E+00   0.77000E+01
        41 TCSG.E5R7.B1   0.22776E+01   0.21024E+03   0.13369E+03   0.22241E-02 CFC  0.10000E+01   0.32508E-03   0.25923E-03   0.00000E+00   0.00000E+00   0.77000E+01
        42 TCSG.6R7.B1    0.87300E-02   0.29726E+03   0.45747E+02   0.29763E-02 CFC  0.10000E+01   0.38654E-03   0.15164E-03   0.00000E+00   0.00000E+00   0.77000E+01
        43 TCLA.A6R7.B1   0.15710E+01   0.26413E+03   0.46601E+02   0.15305E-02 W    0.10000E+01   0.36437E-03   0.15305E-03   0.00000E+00   0.00000E+00   0.10000E+02
        44 TCLA.B6R7.B1   0.00000E+00   0.14653E+03   0.75930E+02   0.27139E-02 W    0.10000E+01   0.27139E-03   0.19536E-03   0.00000E+00   0.00000E+00   0.10000E+02
        45 TCLA.C6R7.B1   0.15710E+01   0.69214E+02   0.15417E+03   0.27838E-02 W    0.10000E+01   0.18652E-03   0.27838E-03   0.00000E+00   0.00000E+00   0.10000E+02
        46 TCLA.D6R7.B1   0.00000E+00   0.66200E+02   0.16042E+03   0.18242E-02 W    0.10000E+01   0.18242E-03   0.28396E-03   0.00000E+00   0.00000E+00   0.10000E+02
        47 TCLA.A7R7.B1   0.00000E+00   0.72300E+02   0.14702E+03   0.19064E-02 W    0.10000E+01   0.19064E-03   0.27184E-03   0.00000E+00   0.00000E+00   0.10000E+02
        50 TCTH.4L8.B1    0.00000E+00   0.21181E+03   0.29526E+03   0.97887E-02 W    0.10000E+01   0.32629E-03   0.38524E-03   0.00000E+00   0.00000E+00   0.30000E+02
        51 TCTVA.4L8.B1   0.15710E+01   0.22167E+03   0.29658E+03   0.11583E-01 W    0.10000E+01   0.33380E-03   0.38611E-03   0.00000E+00   0.00000E+00   0.30000E+02
        52 TCTH.4L1.B1    0.00000E+00   0.20953E+04   0.12526E+05   0.10776E-01 W    0.10000E+01   0.10263E-02   0.25092E-02   0.00000E+00   0.00000E+00   0.10500E+02
        53 TCTVA.4L1.B1   0.15710E+01   0.21236E+04   0.13024E+05   0.26865E-01 W    0.10000E+01   0.10332E-02   0.25586E-02   0.00000E+00   0.00000E+00   0.10500E+02
