ID	name	angle[rad]	betax[m]	betay[m]	halfgap[m]	Material	Length[m]	sigx[m]	sigy[m]	tilt1[rad]	tilt2[rad]	nsig
63	TCL.4R1.B1	0.	473.3693246615384	1325.8290066153847	0.005868468565003003	CU	1.	0.0004890376724201867	0.0008184417625820798	0.	0.	12.
64	TCL.5R1.B1	0.	145.7839195153846	764.464762176923	0.0032567133774421813	CU	1.	0.00027139732689574126	0.0006214708108189796	0.	0.	12.
65	TCL.6R1.B1	0.	14.637322513846154	255.4786179	0.01719904360244439	W	1.	0.00008599553246848618	0.0003592721460333164	0.	0.	200.
57	TCTH.4L2.B1	0.	77.61284027	90.58225135	0.002970308297	W	1.	0.00019802	0.00021393	0.	0.	15.
61	TCTVA.4L2.B1	1.571	79.69353993	89.59345662	0.0031913386	W	1.	0.00020066	0.00021276	0.	0.	15.
75	TDI.4L2.B1	1.571	138.5803166	87.79821985	0.0549346438511	CU	4.	0.0002646	0.00021061	0.	0.	999.
69	TCLIA.4R2	1.571	91.01236777	155.1657146	0.0279664271829	C	1.	0.00021443	0.00027999	0.	0.	999.
70	TCLIB.6R2.B1	1.571	176.5893858	74.45345601	0.0249205916696	CFC	1.	0.00029869	0.00019395	0.	0.	999.
1	TCP.6L3.B1	0.	131.5240293	144.6956981	0.003866671635	CFC	0.6	0.00025778	0.00027038	0.	0.	15.
2	TCSG.5L3.B1	0.	54.60750177	298.6333492	0.002989800019	CFC	1.	0.0001661	0.00038843	0.	0.	18.
4	TCSG.4R3.B1	0.	26.21106878	395.1679915	0.002071373191	CFC	1.	0.00011508	0.00044682	0.	0.	18.
6	TCSG.A5R3.B1	2.98102	35.8680159	344.0831665	0.002676019834	CFC	1.	0.00013462	0.00041694	0.	0.	18.
8	TCSG.B5R3.B1	0.1989675347	45.53759486	312.6518492	0.003026959081	CFC	1.	0.00015168	0.00039744	0.	0.	18.
46	TCLA.A5R3.B1	1.571	142.5240132	175.9987727	0.005963871735	W	1.	0.00026834	0.00029819	0.	0.	20.
47	TCLA.B5R3.B1	0.	151.6089869	168.6733963	0.005535233543	W	1.	0.00027676	0.00029192	0.	0.	20.
48	TCLA.6R3.B1	0.	129.4249051	168.702796	0.005114255303	W	1.	0.00025571	0.00029195	0.	0.	20.
49	TCLA.7R3.B1	0.	66.23357033	96.90131497	0.003658580032	W	1.	0.00018293	0.00022126	0.	0.	20.
58	TCTH.4L5.B1	0.	1332.605472	509.5883391076923	0.00951814389777894	W	1.	0.0008205298588810676	0.0005074074006540125	0.	0.	11.6
59	TCTVA.4L5.B1	1.571	1337.7826685384616	538.0153265384615	0.006047819310238866	W	1.	0.000822121227426111	0.0005213617710750009	0.	0.	11.6
66	TCL.4R5.B1	0.	473.36932483076924	1325.829003230769	0.005868468565922868	CU	1.	0.0004890376724201867	0.0008184417625820798	0.	0.	12.
67	TCL.5R5.B1	0.	146.14010797692308	767.2195496307692	0.003260689454065818	CU	1.	0.0002717284787317041	0.0006225930475964092	0.	0.	12.
68	TCL.6R5.B1	0.	11.723252563846152	241.43107839230768	0.015392087991239351	W	1.	0.00007696060654396758	0.0003492548029954415	0.	0.	200.
71	TCDQA.A4R6.B	0.	482.7930427	163.8733826	0.004741275761	CU	3.	0.00049388	0.00028774	0.	0.	9.6
72	TCDQA.B4R6.B	0.	493.7048664	167.9401189	0.004794556248	CU	3.	0.00049943	0.00029129	0.	0.	9.6
73	TCDQA.C4R6.B	0.	504.7902548	172.2086508	0.004848084658	CU	3.	0.00050501	0.00029497	0.	0.	9.6
74	TCSG.4R6.B1	0.	517.2006536	177.1435769	0.004651729	CFC	1.	0.00051118	0.00029916	0.	0.	9.1
10	TCP.D6L7.B1	1.571	158.871164	78.26334669	0.001093667703	CFC	0.6	0.00028331	0.00019885	0.	0.	5.5
11	TCP.C6L7.B1	0.	150.5287371	82.76322206	0.001516756551	CFC	0.6	0.00027577	0.00020449	0.	0.	5.5
12	TCP.B6L7.B1	2.215	142.463024	87.48828732	0.001280675119	CFC	0.6	0.00026828	0.00021024	0.	0.	5.5
16	TCSG.A6L7.B1	2.46266	39.8723327	226.9256097	0.001916851067	CFC	1.	0.00014193	0.0003386	0.	0.	8.
18	TCSG.B5L7.B1	2.50455	159.9836577	166.5127629	0.002290785055	CFC	1.	0.0002843	0.00029005	0.	0.	8.
20	TCSG.A5L7.B1	0.71035	185.9589031	145.9288215	0.002337198358	CFC	1.	0.00030652	0.00027153	0.	0.	8.
22	TCSG.D4L7.B1	1.5708	332.917976	68.86351177	0.001492203489	CFC	1.	0.00041012	0.00018653	0.	0.	8.
26	TCSG.B4L7.B1	0.	139.7496775	130.9847492	0.002125733785	CFC	1.	0.00026572	0.00025725	0.	0.	8.
28	TCSG.A4L7.B1	2.34921	128.6646704	141.2833348	0.002089778576	CFC	1.	0.00025496	0.00026717	0.	0.	8.
30	TCSG.A4R7.B1	0.80809	118.2763426	152.206887	0.002097108781	CFC	1.	0.00024445	0.00027731	0.	0.	8.
36	TCSG.B5R7.B1	2.46964	121.8492596	267.545951	0.00240116403	CFC	1.	0.00024812	0.00036766	0.	0.	8.
40	TCSG.D5R7.B1	0.8971	213.8742468	158.5319126	0.002412999348	CFC	1.	0.00032872	0.00028301	0.	0.	8.
42	TCSG.E5R7.B1	2.27765	241.3956281	136.0992821	0.002415935193	CFC	1.	0.00034923	0.00026222	0.	0.	8.
44	TCSG.6R7.B1	0.00873	335.7481397	47.3585559	0.003294777262	CFC	1.	0.00041186	0.00015468	0.	0.	8.
50	TCLA.A6R7.B1	1.571	297.0578687	48.15760168	0.001653414789	W	1.	0.0003874	0.00015598	0.	0.	10.6
51	TCLA.B6R7.B1	0.	159.4898993	76.39087356	0.003008956699	W	1.	0.00028386	0.00019646	0.	0.	10.6
52	TCLA.C6R7.B1	1.571	68.60832492	151.8889665	0.002936381334	W	1.	0.00018618	0.00027702	0.	0.	10.6
53	TCLA.D6R7.B1	0.	65.0408447	157.9175445	0.001921509043	W	1.	0.00018127	0.00028246	0.	0.	10.6
54	TCLA.A7R7.B1	0.	64.25532811	147.4093773	0.001909870493	W	1.	0.00018018	0.0002729	0.	0.	10.6
60	TCTH.4L8.B1	0.	97.2429772	130.5645707	0.003324787272	W	1.	0.00022165	0.00025684	0.	0.	15.
62	TCTVA.4L8.B1	1.571	99.34386652	128.952819	0.003828689596	W	1.	0.00022403	0.00025525	0.	0.	15.
55	TCTH.4L1.B1	0.	1332.6054846923078	509.58834105384614	0.009518143943772248	W	1.	0.0008205298588810676	0.0005074074006540125	0.	0.	11.6
56	TCTVA.4L1.B1	1.571	1337.7826812307694	538.0153285692307	0.00604781932127726	W	1.	0.000822121227426111	0.0005213617710750009	0.	0.	11.6
