names            s            l            betx         bety         dx           dy          
MO.22R1.B1          1.023e+03  320.000e-03   31.672      194.213        1.080        0.       
MO.24R1.B1          1.130e+03  320.000e-03   33.736      159.604        1.080        0.       
MO.25R1.B1          1.184e+03  320.000e-03  160.468       32.969        2.178        0.       
MO.26R1.B1          1.237e+03  320.000e-03   31.673      194.211        1.080        0.       
MO.28R1.B1          1.344e+03  320.000e-03   33.735      159.605        1.080        0.       
MO.29R1.B1          1.397e+03  320.000e-03  160.466       32.970        2.178        0.       
MO.30R1.B1          1.451e+03  320.000e-03   31.674      194.210        1.080        0.       
MO.31R1.B1          1.504e+03  320.000e-03  193.183       32.464        2.178        0.       
MO.32R1.B1          1.558e+03  320.000e-03   33.734      159.607        1.080        0.       
MO.33R1.B1          1.611e+03  320.000e-03  160.464       32.972        2.178        0.       
MO.34R1.B1          1.665e+03  320.000e-03   31.675      194.209        1.080        0.       
MO.33L2.B1          1.718e+03  320.000e-03  193.184       32.462        2.177        0.       
MO.32L2.B1          1.771e+03  320.000e-03   33.732      159.608        1.080        0.       
MO.31L2.B1          1.825e+03  320.000e-03  160.462       32.973        2.178        0.       
MO.30L2.B1          1.878e+03  320.000e-03   31.677      194.208        1.080        0.       
MO.29L2.B1          1.932e+03  320.000e-03  193.186       32.461        2.178        0.       
MO.28L2.B1          1.985e+03  320.000e-03   33.731      159.609        1.080        0.       
MO.26L2.B1          2.092e+03  320.000e-03   31.678      194.206        1.080        0.       
MO.25L2.B1          2.146e+03  320.000e-03  193.188       32.460        2.177        0.       
MO.24L2.B1          2.199e+03  320.000e-03   33.730      159.611        1.080        0.       
MO.22L2.B1          2.306e+03  320.000e-03   31.679      194.205        1.080        0.       
MO.22R2.B1          4.355e+03  320.000e-03  176.217       32.539        2.126        0.       
MO.24R2.B1          4.462e+03  320.000e-03  176.062       32.251        2.124        0.       
MO.25R2.B1          4.515e+03  320.000e-03   31.722      176.488        1.047        0.       
MO.26R2.B1          4.569e+03  320.000e-03  176.217       32.540        2.124        0.       
MO.28R2.B1          4.676e+03  320.000e-03  176.062       32.251        2.125        0.       
MO.29R2.B1          4.729e+03  320.000e-03   31.723      176.491        1.048        0.       
MO.30R2.B1          4.783e+03  320.000e-03  176.217       32.540        2.125        0.       
MO.31R2.B1          4.836e+03  320.000e-03   31.722      177.140        1.048        0.       
MO.32R2.B1          4.890e+03  320.000e-03  176.063       32.251        2.124        0.       
MO.33R2.B1          4.943e+03  320.000e-03   31.725      176.494        1.047        0.       
MO.34R2.B1          4.997e+03  320.000e-03  176.215       32.540        2.124        0.       
MO.33L3.B1          5.050e+03  320.000e-03   31.721      177.137        1.047        0.       
MO.32L3.B1          5.103e+03  320.000e-03  176.065       32.251        2.125        0.       
MO.31L3.B1          5.157e+03  320.000e-03   31.726      176.497        1.048        0.       
MO.30L3.B1          5.210e+03  320.000e-03  176.213       32.541        2.125        0.       
MO.29L3.B1          5.264e+03  320.000e-03   31.720      177.133        1.048        0.       
MO.28L3.B1          5.317e+03  320.000e-03  176.068       32.250        2.124        0.       
MO.26L3.B1          5.424e+03  320.000e-03  176.210       32.541        2.124        0.       
MO.25L3.B1          5.478e+03  320.000e-03   31.718      177.130        1.047        0.       
MO.24L3.B1          5.531e+03  320.000e-03  176.071       32.250        2.125        0.       
MO.22L3.B1          5.638e+03  320.000e-03  176.206       32.541        2.125        0.       
MO.22R3.B1          7.688e+03  320.000e-03   31.743      176.412        1.047        0.       
MO.24R3.B1          7.795e+03  320.000e-03   31.704      177.222        1.048        0.       
MO.25R3.B1          7.848e+03  320.000e-03  176.214       32.538        2.126        0.       
MO.26R3.B1          7.902e+03  320.000e-03   31.742      176.409        1.048        0.       
MO.28R3.B1          8.009e+03  320.000e-03   31.705      177.225        1.047        0.       
MO.29R3.B1          8.062e+03  320.000e-03  176.224       32.538        2.124        0.       
MO.30R3.B1          8.115e+03  320.000e-03   31.740      176.406        1.047        0.       
MO.31R3.B1          8.169e+03  320.000e-03  176.051       32.253        2.125        0.       
MO.32R3.B1          8.222e+03  320.000e-03   31.707      177.228        1.048        0.       
MO.33R3.B1          8.276e+03  320.000e-03  176.232       32.537        2.126        0.       
MO.34R3.B1          8.329e+03  320.000e-03   31.739      176.403        1.048        0.       
MO.33L4.B1          8.383e+03  320.000e-03  176.043       32.254        2.125        0.       
MO.32L4.B1          8.436e+03  320.000e-03   31.708      177.230        1.047        0.       
MO.31L4.B1          8.490e+03  320.000e-03  176.240       32.537        2.124        0.       
MO.30L4.B1          8.543e+03  320.000e-03   31.737      176.400        1.047        0.       
MO.29L4.B1          8.596e+03  320.000e-03  176.036       32.254        2.125        0.       
MO.28L4.B1          8.650e+03  320.000e-03   31.710      177.233        1.048        0.       
MO.26L4.B1          8.757e+03  320.000e-03   31.736      176.397        1.048        0.       
MO.25L4.B1          8.810e+03  320.000e-03  176.030       32.254        2.124        0.       
MO.24L4.B1          8.864e+03  320.000e-03   31.712      177.236        1.047        0.       
MO.22L4.B1          8.971e+03  320.000e-03   31.734      176.394        1.047        0.       
MO.22R4.B1         11.020e+03  320.000e-03  193.372       32.460        2.179        0.       
MO.24R4.B1         11.127e+03  320.000e-03  160.265       32.983        2.177        0.       
MO.25R4.B1         11.180e+03  320.000e-03   31.756      194.278        1.080        0.       
MO.26R4.B1         11.233e+03  320.000e-03  193.372       32.460        2.177        0.       
MO.28R4.B1         11.340e+03  320.000e-03  160.265       32.983        2.178        0.       
MO.29R4.B1         11.394e+03  320.000e-03   31.756      194.278        1.081        0.       
MO.30R4.B1         11.447e+03  320.000e-03  193.372       32.460        2.179        0.       
MO.31R4.B1         11.501e+03  320.000e-03   33.661      159.526        1.080        0.       
MO.32R4.B1         11.554e+03  320.000e-03  160.265       32.983        2.177        0.       
MO.33R4.B1         11.608e+03  320.000e-03   31.756      194.278        1.080        0.       
MO.34R4.B1         11.661e+03  320.000e-03  193.372       32.460        2.177        0.       
MO.33L5.B1         11.715e+03  320.000e-03   33.661      159.526        1.080        0.       
MO.32L5.B1         11.768e+03  320.000e-03  160.266       32.983        2.178        0.       
MO.31L5.B1         11.821e+03  320.000e-03   31.756      194.278        1.081        0.       
MO.30L5.B1         11.875e+03  320.000e-03  193.372       32.460        2.179        0.       
MO.29L5.B1         11.928e+03  320.000e-03   33.661      159.526        1.080        0.       
MO.28L5.B1         11.982e+03  320.000e-03  160.266       32.983        2.177        0.       
MO.26L5.B1         12.089e+03  320.000e-03  193.371       32.460        2.177        0.       
MO.25L5.B1         12.142e+03  320.000e-03   33.661      159.526        1.080        0.       
MO.24L5.B1         12.196e+03  320.000e-03  160.266       32.983        2.178        0.       
MO.22L5.B1         12.302e+03  320.000e-03  193.371       32.461        2.179        0.       
MO.22R5.B1         14.352e+03  320.000e-03   31.650      194.222        1.080        0.       
MO.24R5.B1         14.459e+03  320.000e-03   33.760      159.616        1.080        0.       
MO.25R5.B1         14.513e+03  320.000e-03  160.441       33.078        2.178        0.       
MO.26R5.B1         14.566e+03  320.000e-03   31.651      194.221        1.080        0.       
MO.28R5.B1         14.673e+03  320.000e-03   33.759      159.618        1.080        0.       
MO.29R5.B1         14.727e+03  320.000e-03  160.439       33.079        2.178        0.       
MO.30R5.B1         14.780e+03  320.000e-03   31.652      194.219        1.080        0.       
MO.31R5.B1         14.834e+03  320.000e-03  193.221       32.359        2.179        0.       
MO.32R5.B1         14.887e+03  320.000e-03   33.758      159.619        1.080        0.       
MO.33R5.B1         14.940e+03  320.000e-03  160.437       33.080        2.178        0.       
MO.34R5.B1         14.994e+03  320.000e-03   31.654      194.217        1.080        0.       
MO.33L6.B1         15.047e+03  320.000e-03  193.223       32.358        2.177        0.       
MO.32L6.B1         15.101e+03  320.000e-03   33.756      159.621        1.080        0.       
MO.31L6.B1         15.154e+03  320.000e-03  160.436       33.082        2.178        0.       
MO.30L6.B1         15.208e+03  320.000e-03   31.655      194.216        1.080        0.       
MO.29L6.B1         15.261e+03  320.000e-03  193.224       32.356        2.179        0.       
MO.28L6.B1         15.315e+03  320.000e-03   33.755      159.622        1.080        0.       
MO.26L6.B1         15.421e+03  320.000e-03   31.656      194.214        1.080        0.       
MO.25L6.B1         15.475e+03  320.000e-03  193.226       32.355        2.177        0.       
MO.24L6.B1         15.528e+03  320.000e-03   33.754      159.624        1.080        0.       
MO.22L6.B1         15.635e+03  320.000e-03   31.657      194.213        1.080        0.       
MO.22R6.B1         17.684e+03  320.000e-03  176.297       32.272        2.125        0.       
MO.24R6.B1         17.791e+03  320.000e-03  176.016       32.514        2.124        0.       
MO.25R6.B1         17.845e+03  320.000e-03   31.733      175.765        1.047        0.       
MO.26R6.B1         17.898e+03  320.000e-03  176.288       32.272        2.124        0.       
MO.28R6.B1         18.005e+03  320.000e-03  176.025       32.514        2.125        0.       
MO.29R6.B1         18.059e+03  320.000e-03   31.736      175.763        1.048        0.       
MO.30R6.B1         18.112e+03  320.000e-03  176.279       32.273        2.125        0.       
MO.31R6.B1         18.166e+03  320.000e-03   31.704      177.902        1.047        0.       
MO.32R6.B1         18.219e+03  320.000e-03  176.035       32.513        2.124        0.       
MO.33R6.B1         18.272e+03  320.000e-03   31.738      175.760        1.047        0.       
MO.34R6.B1         18.326e+03  320.000e-03  176.268       32.274        2.124        0.       
MO.33L7.B1         18.379e+03  320.000e-03   31.702      177.905        1.047        0.       
MO.32L7.B1         18.433e+03  320.000e-03  176.047       32.512        2.125        0.       
MO.31L7.B1         18.486e+03  320.000e-03   31.741      175.758        1.048        0.       
MO.30L7.B1         18.540e+03  320.000e-03  176.256       32.275        2.125        0.       
MO.29L7.B1         18.593e+03  320.000e-03   31.699      177.907        1.047        0.       
MO.28L7.B1         18.647e+03  320.000e-03  176.059       32.511        2.124        0.       
MO.26L7.B1         18.753e+03  320.000e-03  176.242       32.276        2.124        0.       
MO.25L7.B1         18.807e+03  320.000e-03   31.698      177.910        1.047        0.       
MO.24L7.B1         18.860e+03  320.000e-03  176.073       32.510        2.126        0.       
MO.22L7.B1         18.967e+03  320.000e-03  176.228       32.276        2.125        0.       
MO.22R7.B1         21.017e+03  320.000e-03   31.692      177.885        1.048        0.       
MO.24R7.B1         21.124e+03  320.000e-03   31.748      175.780        1.048        0.       
MO.25R7.B1         21.178e+03  320.000e-03  176.029       32.484        2.125        0.       
MO.26R7.B1         21.231e+03  320.000e-03   31.694      177.883        1.047        0.       
MO.28R7.B1         21.338e+03  320.000e-03   31.746      175.783        1.047        0.       
MO.29R7.B1         21.391e+03  320.000e-03  176.015       32.485        2.125        0.       
MO.30R7.B1         21.445e+03  320.000e-03   31.696      177.880        1.048        0.       
MO.31R7.B1         21.498e+03  320.000e-03  176.299       32.301        2.126        0.       
MO.32R7.B1         21.552e+03  320.000e-03   31.744      175.785        1.048        0.       
MO.33R7.B1         21.605e+03  320.000e-03  176.003       32.486        2.125        0.       
MO.34R7.B1         21.659e+03  320.000e-03   31.699      177.878        1.047        0.       
MO.33L8.B1         21.712e+03  320.000e-03  176.310       32.300        2.124        0.       
MO.32L8.B1         21.766e+03  320.000e-03   31.741      175.788        1.047        0.       
MO.31L8.B1         21.819e+03  320.000e-03  175.993       32.487        2.125        0.       
MO.30L8.B1         21.873e+03  320.000e-03   31.702      177.875        1.048        0.       
MO.29L8.B1         21.926e+03  320.000e-03  176.320       32.299        2.126        0.       
MO.28L8.B1         21.979e+03  320.000e-03   31.738      175.791        1.048        0.       
MO.26L8.B1         22.086e+03  320.000e-03   31.704      177.872        1.047        0.       
MO.25L8.B1         22.140e+03  320.000e-03  176.328       32.298        2.124        0.       
MO.24L8.B1         22.193e+03  320.000e-03   31.735      175.793        1.047        0.       
MO.22L8.B1         22.300e+03  320.000e-03   31.707      177.870        1.048        0.       
MO.22R8.B1         24.349e+03  320.000e-03  193.332       32.565        2.178        0.       
MO.24R8.B1         24.456e+03  320.000e-03  160.294       32.875        2.177        0.       
MO.25R8.B1         24.510e+03  320.000e-03   31.778      194.281        1.080        0.       
MO.26R8.B1         24.563e+03  320.000e-03  193.332       32.566        2.177        0.       
MO.28R8.B1         24.670e+03  320.000e-03  160.294       32.875        2.178        0.       
MO.29R8.B1         24.723e+03  320.000e-03   31.778      194.281        1.081        0.       
MO.30R8.B1         24.777e+03  320.000e-03  193.332       32.566        2.178        0.       
MO.31R8.B1         24.830e+03  320.000e-03   33.637      159.508        1.080        0.       
MO.32R8.B1         24.884e+03  320.000e-03  160.294       32.875        2.177        0.       
MO.33R8.B1         24.937e+03  320.000e-03   31.778      194.281        1.080        0.       
MO.34R8.B1         24.991e+03  320.000e-03  193.332       32.566        2.177        0.       
MO.33L1.B1         25.044e+03  320.000e-03   33.637      159.508        1.080        0.       
MO.32L1.B1         25.098e+03  320.000e-03  160.294       32.875        2.178        0.       
MO.31L1.B1         25.151e+03  320.000e-03   31.778      194.281        1.081        0.       
MO.30L1.B1         25.204e+03  320.000e-03  193.332       32.566        2.178        0.       
MO.29L1.B1         25.258e+03  320.000e-03   33.637      159.508        1.080        0.       
MO.28L1.B1         25.311e+03  320.000e-03  160.294       32.874        2.177        0.       
MO.26L1.B1         25.418e+03  320.000e-03  193.332       32.566        2.177        0.       
MO.25L1.B1         25.472e+03  320.000e-03   33.637      159.507        1.080        0.       
MO.24L1.B1         25.525e+03  320.000e-03  160.294       32.874        2.178        0.       
MO.22L1.B1         25.632e+03  320.000e-03  193.332       32.566        2.178        0.       