names            s            l            betx         bety         dx           dy          
MO.22R1.B1          1.023e+03  320.000e-03   30.064      178.789      991.535e-03 -141.139e-03
MO.24R1.B1          1.130e+03  320.000e-03   30.064      178.789      965.626e-03   15.534e-03
MO.25R1.B1          1.184e+03  320.000e-03  175.459       33.583        1.957       45.521e-03
MO.26R1.B1          1.237e+03  320.000e-03   30.064      178.789      966.180e-03  142.490e-03
MO.28R1.B1          1.344e+03  320.000e-03   30.064      178.789      991.995e-03   -3.138e-03
MO.29R1.B1          1.397e+03  320.000e-03  175.459       33.583        2.041      -41.705e-03
MO.30R1.B1          1.451e+03  320.000e-03   30.064      178.789      987.070e-03 -142.763e-03
MO.31R1.B1          1.504e+03  320.000e-03  175.459       33.583        1.986      -47.496e-03
MO.32R1.B1          1.558e+03  320.000e-03   30.064      178.789      962.089e-03   -9.282e-03
MO.33R1.B1          1.611e+03  320.000e-03  175.459       33.583        1.961       37.573e-03
MO.34R1.B1          1.665e+03  320.000e-03   30.064      178.789      971.244e-03  141.956e-03
MO.33L2.B1          1.718e+03  320.000e-03  175.459       33.583        2.020       50.765e-03
MO.32L2.B1          1.771e+03  320.000e-03   30.064      178.789      994.674e-03   21.632e-03
MO.31L2.B1          1.825e+03  320.000e-03  175.459       33.583        2.035      -33.156e-03
MO.30L2.B1          1.878e+03  320.000e-03   30.064      178.789      981.552e-03 -140.074e-03
MO.29L2.B1          1.932e+03  320.000e-03  175.459       33.583        1.973      -53.650e-03
MO.28L2.B1          1.985e+03  320.000e-03   30.064      178.789      960.344e-03  -33.819e-03
MO.26L2.B1          2.092e+03  320.000e-03   30.064      178.789      977.057e-03  137.131e-03
MO.25L2.B1          2.146e+03  320.000e-03  175.459       33.583        2.031       56.128e-03
MO.24L2.B1          2.199e+03  320.000e-03   30.064      178.789      995.436e-03   45.749e-03
MO.22L2.B1          2.306e+03  320.000e-03   30.064      178.789      975.610e-03 -133.151e-03
MO.22R2.B1          4.355e+03  320.000e-03  175.443       33.586        1.964       11.281e-03
MO.24R2.B1          4.462e+03  320.000e-03  175.443       33.586        2.009      -36.185e-03
MO.25R2.B1          4.515e+03  320.000e-03   30.066      178.776      990.724e-03  -79.081e-03
MO.26R2.B1          4.569e+03  320.000e-03  175.443       33.586        2.034      -14.437e-03
MO.28R2.B1          4.676e+03  320.000e-03  175.443       33.586        1.985       34.926e-03
MO.29R2.B1          4.729e+03  320.000e-03   30.066      178.776      964.001e-03   82.263e-03
MO.30R2.B1          4.783e+03  320.000e-03  175.443       33.586        1.969       17.483e-03
MO.31R2.B1          4.836e+03  320.000e-03   30.066      178.776      973.793e-03  -29.310e-03
MO.32R2.B1          4.890e+03  320.000e-03  175.443       33.586        2.020      -33.401e-03
MO.33R2.B1          4.943e+03  320.000e-03   30.066      178.776      992.513e-03  -84.819e-03
MO.34R2.B1          4.997e+03  320.000e-03  175.443       33.586        2.028      -20.397e-03
MO.33L3.B1          5.050e+03  320.000e-03   30.066      178.776      979.556e-03   21.911e-03
MO.32L3.B1          5.103e+03  320.000e-03  175.443       33.586        1.975       31.622e-03
MO.31L3.B1          5.157e+03  320.000e-03   30.066      178.776      963.027e-03   86.730e-03
MO.30L3.B1          5.210e+03  320.000e-03  175.443       33.586        1.976       23.155e-03
MO.29L3.B1          5.264e+03  320.000e-03   30.066      178.776      978.779e-03  -14.346e-03
MO.28L3.B1          5.317e+03  320.000e-03  175.443       33.586        2.029      -29.602e-03
MO.26L3.B1          5.424e+03  320.000e-03  175.443       33.586        2.019      -25.737e-03
MO.25L3.B1          5.478e+03  320.000e-03   30.066      178.776      974.548e-03    6.672e-03
MO.24L3.B1          5.531e+03  320.000e-03  175.443       33.586        1.968       27.357e-03
MO.22L3.B1          5.638e+03  320.000e-03  175.443       33.586        1.987       28.123e-03
MO.22R3.B1          7.688e+03  320.000e-03   30.066      178.776      973.891e-03   26.742e-03
MO.24R3.B1          7.795e+03  320.000e-03   30.066      178.776      963.965e-03  -83.230e-03
MO.25R3.B1          7.848e+03  320.000e-03  175.443       33.586        1.988      -35.845e-03
MO.26R3.B1          7.902e+03  320.000e-03   30.066      178.776      984.286e-03  -34.001e-03
MO.28R3.B1          8.009e+03  320.000e-03   30.066      178.776      990.775e-03   80.265e-03
MO.29R3.B1          8.062e+03  320.000e-03  175.443       33.586        2.006       36.911e-03
MO.30R3.B1          8.115e+03  320.000e-03   30.066      178.776      969.357e-03   41.002e-03
MO.31R3.B1          8.169e+03  320.000e-03  175.443       33.586        1.964       -8.993e-03
MO.32R3.B1          8.222e+03  320.000e-03   30.066      178.776      966.489e-03  -76.688e-03
MO.33R3.B1          8.276e+03  320.000e-03  175.443       33.586        2.000      -37.695e-03
MO.34R3.B1          8.329e+03  320.000e-03   30.066      178.776      988.392e-03  -47.691e-03
MO.33L4.B1          8.383e+03  320.000e-03  175.443       33.586        2.036        5.705e-03
MO.32L4.B1          8.436e+03  320.000e-03   30.066      178.776      987.556e-03   72.528e-03
MO.31L4.B1          8.490e+03  320.000e-03  175.443       33.586        1.994       38.192e-03
MO.30L4.B1          8.543e+03  320.000e-03   30.066      178.776      965.795e-03   54.017e-03
MO.29L4.B1          8.596e+03  320.000e-03  175.443       33.586        1.965       -2.373e-03
MO.28L4.B1          8.650e+03  320.000e-03   30.066      178.776      970.310e-03  -67.817e-03
MO.26L4.B1          8.757e+03  320.000e-03   30.066      178.776      991.308e-03  -59.932e-03
MO.25L4.B1          8.810e+03  320.000e-03  175.443       33.586        2.033     -975.819e-06
MO.24L4.B1          8.864e+03  320.000e-03   30.066      178.776      983.243e-03   62.589e-03
MO.22L4.B1          8.971e+03  320.000e-03   30.066      178.776      963.609e-03   65.392e-03
MO.22R4.B1         11.020e+03  320.000e-03  175.443       33.586        2.023        6.910e-03
MO.24R4.B1         11.127e+03  320.000e-03  175.443       33.586        2.026      -37.442e-03
MO.25R4.B1         11.180e+03  320.000e-03   30.066      178.776      978.231e-03  -73.863e-03
MO.26R4.B1         11.233e+03  320.000e-03  175.443       33.586        1.973      -10.176e-03
MO.28R4.B1         11.340e+03  320.000e-03  175.443       33.586        1.979       36.554e-03
MO.29R4.B1         11.394e+03  320.000e-03   30.066      178.776      980.099e-03   77.847e-03
MO.30R4.B1         11.447e+03  320.000e-03  175.443       33.586        2.031       13.364e-03
MO.31R4.B1         11.501e+03  320.000e-03   30.066      178.776      992.397e-03  -38.888e-03
MO.32R4.B1         11.554e+03  320.000e-03  175.443       33.586        2.016      -35.389e-03
MO.33R4.B1         11.608e+03  320.000e-03   30.066      178.776      973.269e-03  -81.239e-03
MO.34R4.B1         11.661e+03  320.000e-03  175.443       33.586        1.966      -16.451e-03
MO.33L5.B1         11.715e+03  320.000e-03   30.066      178.776      964.206e-03   31.802e-03
MO.32L5.B1         11.768e+03  320.000e-03  175.443       33.586        1.990       33.954e-03
MO.31L5.B1         11.821e+03  320.000e-03   30.066      178.776      984.866e-03   84.013e-03
MO.30L5.B1         11.875e+03  320.000e-03  175.443       33.586        2.035       19.412e-03
MO.29L5.B1         11.928e+03  320.000e-03   30.066      178.776      990.436e-03  -24.475e-03
MO.28L5.B1         11.982e+03  320.000e-03  175.443       33.586        2.004      -32.261e-03
MO.26L5.B1         12.089e+03  320.000e-03  175.443       33.586        1.964      -22.226e-03
MO.25L5.B1         12.142e+03  320.000e-03   30.066      178.776      966.917e-03   16.961e-03
MO.24L5.B1         12.196e+03  320.000e-03  175.443       33.586        2.002       30.322e-03
MO.22L5.B1         12.302e+03  320.000e-03  175.443       33.586        2.035       24.871e-03
MO.22R5.B1         14.352e+03  320.000e-03   30.064      178.789        1.041      101.861e-03
MO.24R5.B1         14.459e+03  320.000e-03   30.064      178.789      977.000e-03   29.417e-03
MO.25R5.B1         14.513e+03  320.000e-03  175.459       33.583        1.880      -19.082e-03
MO.26R5.B1         14.566e+03  320.000e-03   30.064      178.789      914.329e-03  -99.302e-03
MO.28R5.B1         14.673e+03  320.000e-03   30.064      178.789      989.401e-03  -38.056e-03
MO.29R5.B1         14.727e+03  320.000e-03  175.459       33.583        2.134       15.423e-03
MO.30R5.B1         14.780e+03  320.000e-03   30.064      178.789        1.039       95.991e-03
MO.31R5.B1         14.834e+03  320.000e-03  175.459       33.583        2.063       43.392e-03
MO.32R5.B1         14.887e+03  320.000e-03   30.064      178.789      955.829e-03   46.407e-03
MO.33R5.B1         14.940e+03  320.000e-03  175.459       33.583        1.854      -11.648e-03
MO.34R5.B1         14.994e+03  320.000e-03   30.064      178.789      920.013e-03  -91.953e-03
MO.33L6.B1         15.047e+03  320.000e-03  175.459       33.583        1.961      -44.405e-03
MO.32L6.B1         15.101e+03  320.000e-03   30.064      178.789        1.010      -54.407e-03
MO.31L6.B1         15.154e+03  320.000e-03  175.459       33.583        2.152        7.785e-03
MO.30L6.B1         15.208e+03  320.000e-03   30.064      178.789        1.030       87.220e-03
MO.29L6.B1         15.261e+03  320.000e-03  175.459       33.583        2.013       45.082e-03
MO.28L6.B1         15.315e+03  320.000e-03   30.064      178.789      937.162e-03   61.995e-03
MO.26L6.B1         15.421e+03  320.000e-03   30.064      178.789      932.281e-03  -81.827e-03
MO.25L6.B1         15.475e+03  320.000e-03  175.459       33.583        2.013      -45.418e-03
MO.24L6.B1         15.528e+03  320.000e-03   30.064      178.789        1.026      -69.114e-03
MO.22L6.B1         15.635e+03  320.000e-03   30.064      178.789        1.015       75.814e-03
MO.22R6.B1         17.684e+03  320.000e-03  175.459       33.583        1.848       19.521e-03
MO.24R6.B1         17.791e+03  320.000e-03  175.459       33.583        2.037       41.863e-03
MO.25R6.B1         17.845e+03  320.000e-03   30.064      178.789        1.032       37.010e-03
MO.26R6.B1         17.898e+03  320.000e-03  175.459       33.583        2.146      -15.879e-03
MO.28R6.B1         18.005e+03  320.000e-03  175.459       33.583        1.938      -43.244e-03
MO.29R6.B1         18.059e+03  320.000e-03   30.064      178.789      918.656e-03  -45.400e-03
MO.30R6.B1         18.112e+03  320.000e-03  175.459       33.583        1.864       12.117e-03
MO.31R6.B1         18.166e+03  320.000e-03   30.064      178.789      959.055e-03   92.487e-03
MO.32R6.B1         18.219e+03  320.000e-03  175.459       33.583        2.084       44.299e-03
MO.33R6.B1         18.272e+03  320.000e-03   30.064      178.789        1.040       53.446e-03
MO.34R6.B1         18.326e+03  320.000e-03  175.459       33.583        2.121       -8.263e-03
MO.33L7.B1         18.379e+03  320.000e-03   30.064      178.789      986.038e-03  -87.837e-03
MO.32L7.B1         18.433e+03  320.000e-03  175.459       33.583        1.895      -45.017e-03
MO.31L7.B1         18.486e+03  320.000e-03   30.064      178.789      914.087e-03  -61.088e-03
MO.30L7.B1         18.540e+03  320.000e-03  175.459       33.583        1.896        4.347e-03
MO.29L7.B1         18.593e+03  320.000e-03   30.064      178.789      980.404e-03   82.523e-03
MO.28L7.B1         18.647e+03  320.000e-03  175.459       33.583        2.122       45.396e-03
MO.26L7.B1         18.753e+03  320.000e-03  175.459       33.583        2.082     -397.420e-06
MO.25L7.B1         18.807e+03  320.000e-03   30.064      178.789      964.526e-03  -76.584e-03
MO.24L7.B1         18.860e+03  320.000e-03  175.459       33.583        1.863      -45.430e-03
MO.22L7.B1         18.967e+03  320.000e-03  175.459       33.583        1.940       -3.555e-03
MO.22R7.B1         21.017e+03  320.000e-03   30.064      178.789      914.527e-03   55.042e-03
MO.24R7.B1         21.124e+03  320.000e-03   30.064      178.789      975.221e-03   91.593e-03
MO.25R7.B1         21.178e+03  320.000e-03  175.459       33.583        2.114       15.347e-03
MO.26R7.B1         21.231e+03  320.000e-03   30.064      178.789        1.042      -47.073e-03
MO.28R7.B1         21.338e+03  320.000e-03   30.064      178.789      969.635e-03  -95.688e-03
MO.29R7.B1         21.391e+03  320.000e-03  175.459       33.583        1.869      -19.008e-03
MO.30R7.B1         21.445e+03  320.000e-03   30.064      178.789      915.473e-03   38.749e-03
MO.31R7.B1         21.498e+03  320.000e-03  175.459       33.583        1.929       40.427e-03
MO.32R7.B1         21.552e+03  320.000e-03   30.064      178.789      996.572e-03   99.060e-03
MO.33R7.B1         21.605e+03  320.000e-03  175.459       33.583        2.142       22.525e-03
MO.34R7.B1         21.659e+03  320.000e-03   30.064      178.789        1.037      -30.130e-03
MO.33L8.B1         21.712e+03  320.000e-03  175.459       33.583        2.046      -38.467e-03
MO.32L8.B1         21.766e+03  320.000e-03   30.064      178.789      949.057e-03 -101.681e-03
MO.31L8.B1         21.819e+03  320.000e-03  175.459       33.583        1.849      -25.872e-03
MO.30L8.B1         21.873e+03  320.000e-03   30.064      178.789      923.518e-03   21.284e-03
MO.29L8.B1         21.926e+03  320.000e-03  175.459       33.583        1.979       36.216e-03
MO.28L8.B1         21.979e+03  320.000e-03   30.064      178.789        1.016      103.533e-03
MO.26L8.B1         22.086e+03  320.000e-03   30.064      178.789        1.026      -12.277e-03
MO.25L8.B1         22.140e+03  320.000e-03  175.459       33.583        1.995      -33.691e-03
MO.24L8.B1         22.193e+03  320.000e-03   30.064      178.789      931.754e-03 -104.601e-03
MO.22L8.B1         22.300e+03  320.000e-03   30.064      178.789      937.747e-03    3.177e-03
MO.22R8.B1         24.349e+03  320.000e-03  175.443       33.586        2.041       39.205e-03
MO.24R8.B1         24.456e+03  320.000e-03  175.443       33.586        2.000       27.347e-03
MO.25R8.B1         24.510e+03  320.000e-03   30.066      178.776      966.102e-03  -20.051e-03
MO.26R8.B1         24.563e+03  320.000e-03  175.443       33.586        1.959      -36.819e-03
MO.28R8.B1         24.670e+03  320.000e-03  175.443       33.586        2.006      -30.558e-03
MO.29R8.B1         24.723e+03  320.000e-03   30.066      178.776      991.617e-03   10.718e-03
MO.30R8.B1         24.777e+03  320.000e-03  175.443       33.586        2.040       34.154e-03
MO.31R8.B1         24.830e+03  320.000e-03   30.066      178.776      986.831e-03  107.937e-03
MO.32R8.B1         24.884e+03  320.000e-03  175.443       33.586        1.987       33.537e-03
MO.33R8.B1         24.937e+03  320.000e-03   30.066      178.776      962.693e-03   -1.304e-03
MO.34R8.B1         24.991e+03  320.000e-03  175.443       33.586        1.962      -31.229e-03
MO.33L1.B1         25.044e+03  320.000e-03   30.066      178.776      971.560e-03 -108.051e-03
MO.32L1.B1         25.098e+03  320.000e-03  175.443       33.586        2.020      -36.261e-03
MO.31L1.B1         25.151e+03  320.000e-03   30.066      178.776      994.199e-03   -8.121e-03
MO.30L1.B1         25.204e+03  320.000e-03  175.443       33.586        2.034       28.066e-03
MO.29L1.B1         25.258e+03  320.000e-03   30.066      178.776      981.504e-03  107.343e-03
MO.28L1.B1         25.311e+03  320.000e-03  175.443       33.586        1.974       38.709e-03
MO.26L1.B1         25.418e+03  320.000e-03  175.443       33.586        1.970      -24.690e-03
MO.25L1.B1         25.472e+03  320.000e-03   30.066      178.776      977.172e-03 -105.818e-03
MO.24L1.B1         25.525e+03  320.000e-03  175.443       33.586        2.030      -40.863e-03
MO.22L1.B1         25.632e+03  320.000e-03  175.443       33.586        2.025       21.126e-03