 # ID name  angle[rad]  betax[m]  betay[m] halfgap[m]  Material  Length[m]  sigx[m]  sigy[m] tilt1[rad] tilt2[rad] nsig
        63 TCL.4R1.B1      0.0000000000E+00    0.6139774346E+03    0.1715241657E+04    0.8354316895E-02 CU   0.10000E+01   0.55695E-03   0.93091E-03   0.00000E+00   0.00000E+00   0.15000E+02
        64 TCL.5R1.B1      0.0000000000E+00    0.1831794131E+03    0.1010790710E+04    0.4563237487E-02 CU   0.10000E+01   0.30422E-03   0.71462E-03   0.00000E+00   0.00000E+00   0.15000E+02
        65 TCL.6R1.B1      0.0000000000E+00    0.1795360790E+02    0.3588330034E+03    0.1904799834E-02 W    0.10000E+01   0.95240E-04   0.42578E-03   0.00000E+00   0.00000E+00   0.20000E+02
        57 TCTPH.4L2.B1    0.0000000000E+00    0.4672778833E+02    0.4865941870E+02    0.5685030748E-02 W    0.10000E+01   0.15365E-03   0.15679E-03   0.00000E+00   0.00000E+00   0.37000E+02
        61 TCTPV.4L2.B1    0.1571000000E+01    0.4829474040E+02    0.4649578239E+02    0.5670899951E-02 W    0.10000E+01   0.15620E-03   0.15327E-03   0.00000E+00   0.00000E+00   0.37000E+02
        75 TDI.4L2.B1      0.1571000000E+01    0.1089565048E+03    0.4446075805E+02    0.1497260660E+00 CU   0.40000E+01   0.23462E-03   0.14988E-03   0.00000E+00   0.00000E+00   0.99900E+03
        69 TCLIA.4R2       0.1571000000E+01    0.5229672534E+02    0.1283592436E+03    0.2544031816E+00 C    0.10000E+01   0.16255E-03   0.25466E-03   0.00000E+00   0.00000E+00   0.99900E+03
        70 TCLIB.6R2.B1    0.1571000000E+01    0.2577620531E+03    0.3842292266E+02    0.1391887770E+00 C    0.10000E+01   0.36087E-03   0.13933E-03   0.00000E+00   0.00000E+00   0.99900E+03
         1 TCP.6L3.B1      0.0000000000E+00    0.1315206232E+03    0.1446940227E+03    0.3866621566E-02 C    0.60000E+00   0.25777E-03   0.27038E-03   0.00000E+00   0.00000E+00   0.15000E+02
         2 TCSG.5L3.B1     0.0000000000E+00    0.5460461224E+02    0.2986239334E+03    0.2989720915E-02 C    0.10000E+01   0.16610E-03   0.38842E-03   0.00000E+00   0.00000E+00   0.18000E+02
         4 TCSG.4R3.B1     0.0000000000E+00    0.2620971337E+02    0.3951963066E+03    0.2071319633E-02 C    0.10000E+01   0.11507E-03   0.44684E-03   0.00000E+00   0.00000E+00   0.18000E+02
         6 TCSG.A5R3.B1    0.2981020000E+01    0.3586769134E+02    0.3441113297E+03    0.2676032180E-02 C    0.10000E+01   0.13462E-03   0.41696E-03   0.00000E+00   0.00000E+00   0.18000E+02
         8 TCSG.B5R3.B1    0.1989675347E+00    0.4553781961E+02    0.3126775361E+03    0.3026992056E-02 C    0.10000E+01   0.15168E-03   0.39746E-03   0.00000E+00   0.00000E+00   0.18000E+02
        46 TCLA.A5R3.B1    0.1571000000E+01    0.1425293416E+03    0.1760130722E+03    0.5964114005E-02 W    0.10000E+01   0.26835E-03   0.29821E-03   0.00000E+00   0.00000E+00   0.20000E+02
        47 TCLA.B5R3.B1    0.0000000000E+00    0.1516147810E+03    0.1686870413E+03    0.5535339314E-02 W    0.10000E+01   0.27677E-03   0.29193E-03   0.00000E+00   0.00000E+00   0.20000E+02
        48 TCLA.6R3.B1     0.0000000000E+00    0.1294357507E+03    0.1687063972E+03    0.5114469581E-02 W    0.10000E+01   0.25572E-03   0.29195E-03   0.00000E+00   0.00000E+00   0.20000E+02
        49 TCLA.7R3.B1     0.0000000000E+00    0.6738944137E+02    0.8939801935E+02    0.3690365696E-02 W    0.10000E+01   0.18452E-03   0.21252E-03   0.00000E+00   0.00000E+00   0.20000E+02
        58 TCTPH.4L5.B1    0.0000000000E+00    0.1724232434E+04    0.6610627275E+03    0.9333432391E-02 W    0.10000E+01   0.93334E-03   0.57792E-03   0.00000E+00   0.00000E+00   0.10000E+02
        59 TCTPV.4L5.B1    0.1571000000E+01    0.1731100535E+04    0.6980187158E+03    0.5938503652E-02 W    0.10000E+01   0.93520E-03   0.59385E-03   0.00000E+00   0.00000E+00   0.10000E+02
        66 TCL.4R5.B1      0.0000000000E+00    0.6139774362E+03    0.1715241660E+04    0.8354316906E-02 CU   0.10000E+01   0.55695E-03   0.93091E-03   0.00000E+00   0.00000E+00   0.15000E+02
        67 TCL.5R5.B1      0.0000000000E+00    0.1836678919E+03    0.1014246685E+04    0.4569317757E-02 CU   0.10000E+01   0.30462E-03   0.71584E-03   0.00000E+00   0.00000E+00   0.15000E+02
        68 TCL.6R5.B1      0.0000000000E+00    0.1330107055E+02    0.3345053042E+03    0.1639520212E-02 W    0.10000E+01   0.81976E-04   0.41110E-03   0.00000E+00   0.00000E+00   0.20000E+02
        71 TCDQA.A4R6.B    0.0000000000E+00    0.4842939207E+03    0.1613884308E+03    0.4501314753E-02 C    0.30000E+01   0.49465E-03   0.28555E-03   0.00000E+00   0.00000E+00   0.91000E+01
        73 TCDQA.C4R6.B    0.0000000000E+00    0.4952540849E+03    0.1654589260E+03    0.4551964919E-02 C    0.30000E+01   0.50022E-03   0.28913E-03   0.00000E+00   0.00000E+00   0.91000E+01
        72 TCDQA.B4R6.B    0.0000000000E+00    0.5063883527E+03    0.1697343774E+03    0.4602848994E-02 C    0.30000E+01   0.50581E-03   0.29284E-03   0.00000E+00   0.00000E+00   0.91000E+01
        74 TCSP.A4R6.B1    0.0000000000E+00    0.5188532114E+03    0.1746805824E+03    0.4659154668E-02 C    0.10000E+01   0.51200E-03   0.29707E-03   0.00000E+00   0.00000E+00   0.91000E+01
        10 TCP.D6L7.B1     0.1571000000E+01    0.1588661773E+03    0.7826268013E+02    0.1093663046E-02 C    0.60000E+00   0.28331E-03   0.19885E-03   0.00000E+00   0.00000E+00   0.55000E+01
        11 TCP.C6L7.B1     0.0000000000E+00    0.1505239848E+03    0.8276243337E+02    0.1516732608E-02 C    0.60000E+00   0.27577E-03   0.20448E-03   0.00000E+00   0.00000E+00   0.55000E+01
        12 TCP.B6L7.B1     0.2215000000E+01    0.1424585021E+03    0.8748737171E+02    0.1280661895E-02 C    0.60000E+00   0.26828E-03   0.21024E-03   0.00000E+00   0.00000E+00   0.55000E+01
        16 TCSG.A6L7.B1    0.2462660000E+01    0.3987155620E+02    0.2269212056E+03    0.1916832453E-02 C    0.10000E+01   0.14193E-03   0.33860E-03   0.00000E+00   0.00000E+00   0.80000E+01
        18 TCSG.B5L7.B1    0.2504550000E+01    0.1600139522E+03    0.1665130214E+03    0.2290923854E-02 C    0.10000E+01   0.28433E-03   0.29005E-03   0.00000E+00   0.00000E+00   0.80000E+01
        20 TCSG.A5L7.B1    0.7103500000E+00    0.1859930849E+03    0.1459293083E+03    0.2337335689E-02 C    0.10000E+01   0.30654E-03   0.27153E-03   0.00000E+00   0.00000E+00   0.80000E+01
        22 TCSG.D4L7.B1    0.1570800000E+01    0.3329599890E+03    0.6886047458E+02    0.1492170582E-02 C    0.10000E+01   0.41015E-03   0.18652E-03   0.00000E+00   0.00000E+00   0.80000E+01
        26 TCSG.B4L7.B1    0.0000000000E+00    0.1397578871E+03    0.1309955084E+03    0.2125796222E-02 C    0.10000E+01   0.26572E-03   0.25726E-03   0.00000E+00   0.00000E+00   0.80000E+01
        28 TCSG.A4L7.B1    0.2349210000E+01    0.1286710843E+03    0.1412954160E+03    0.2089850423E-02 C    0.10000E+01   0.25497E-03   0.26718E-03   0.00000E+00   0.00000E+00   0.80000E+01
        30 TCSG.A4R7.B1    0.8080900000E+00    0.1182810712E+03    0.1522203379E+03    0.2097180381E-02 C    0.10000E+01   0.24446E-03   0.27732E-03   0.00000E+00   0.00000E+00   0.80000E+01
        36 TCSG.B5R7.B1    0.2469640000E+01    0.1218533098E+03    0.2675806525E+03    0.2401271275E-02 C    0.10000E+01   0.24812E-03   0.36768E-03   0.00000E+00   0.00000E+00   0.80000E+01
        40 TCSG.D5R7.B1    0.8971000000E+00    0.2138851160E+03    0.1585529560E+03    0.2413113805E-02 C    0.10000E+01   0.32873E-03   0.28303E-03   0.00000E+00   0.00000E+00   0.80000E+01
        42 TCSG.E5R7.B1    0.2277650000E+01    0.2414086028E+03    0.1361173896E+03    0.2416041877E-02 C    0.10000E+01   0.34924E-03   0.26224E-03   0.00000E+00   0.00000E+00   0.80000E+01
        44 TCSG.6R7.B1     0.8730000000E-02    0.3357666969E+03    0.4735650485E+02    0.3294868312E-02 C    0.10000E+01   0.41187E-03   0.15468E-03   0.00000E+00   0.00000E+00   0.80000E+01
        50 TCLA.A6R7.B1    0.1571000000E+01    0.2970758561E+03    0.4815513406E+02    0.1871742371E-02 W    0.10000E+01   0.38742E-03   0.15598E-03   0.00000E+00   0.00000E+00   0.12000E+02
        51 TCLA.B6R7.B1    0.0000000000E+00    0.1595043939E+03    0.7638768675E+02    0.3406520858E-02 W    0.10000E+01   0.28388E-03   0.19645E-03   0.00000E+00   0.00000E+00   0.12000E+02
        52 TCLA.C6R7.B1    0.1571000000E+01    0.6861722876E+02    0.1518870104E+03    0.3324183879E-02 W    0.10000E+01   0.18619E-03   0.27702E-03   0.00000E+00   0.00000E+00   0.12000E+02
        53 TCLA.D6R7.B1    0.0000000000E+00    0.6504935204E+02    0.1579157287E+03    0.2175435515E-02 W    0.10000E+01   0.18129E-03   0.28246E-03   0.00000E+00   0.00000E+00   0.12000E+02
        54 TCLA.A7R7.B1    0.0000000000E+00    0.6463387508E+02    0.1464538245E+03    0.2168477020E-02 W    0.10000E+01   0.18071E-03   0.27202E-03   0.00000E+00   0.00000E+00   0.12000E+02
        60 TCTPH.4L8.B1    0.0000000000E+00    0.2411571802E+03    0.3017606551E+03    0.5235821577E-02 W    0.10000E+01   0.34905E-03   0.39046E-03   0.00000E+00   0.00000E+00   0.15000E+02
        62 TCTPV.4L8.B1    0.1571000000E+01    0.2516986849E+03    0.3029580883E+03    0.5868485207E-02 W    0.10000E+01   0.35660E-03   0.39123E-03   0.00000E+00   0.00000E+00   0.15000E+02
        55 TCTPH.4L1.B1    0.0000000000E+00    0.1724232440E+04    0.6610627268E+03    0.9333432410E-02 W    0.10000E+01   0.93334E-03   0.57792E-03   0.00000E+00   0.00000E+00   0.10000E+02
        56 TCTPV.4L1.B1    0.1571000000E+01    0.1731100542E+04    0.6980187151E+03    0.5938503649E-02 W    0.10000E+01   0.93520E-03   0.59385E-03   0.00000E+00   0.00000E+00   0.10000E+02
