 # ID name  angle[rad]  betax[m]  betay[m] halfgap[m]  Material  Length[m]  sigx[m]  sigy[m] tilt1[rad] tilt2[rad] nsig
        63 TCL.4R1.B1      0.0000000000E+00    0.7665875315E+03    0.2142807909E+04    0.9335027798E-02 CU   0.10000E+01   0.62234E-03   0.10405E-02   0.00000E+00   0.00000E+00   0.15000E+02
        64 TCL.5R1.B1      0.0000000000E+00    0.2225538305E+03    0.1284528735E+04    0.5029818069E-02 CU   0.10000E+01   0.33532E-03   0.80559E-03   0.00000E+00   0.00000E+00   0.15000E+02
        65 TCL.6R1.B1      0.0000000000E+00    0.1845734619E+02    0.4661102216E+03    0.1931337200E-02 W    0.10000E+01   0.96567E-04   0.48527E-03   0.00000E+00   0.00000E+00   0.20000E+02
        57 TCTPH.4L2.B1    0.0000000000E+00    0.4672778773E+02    0.4865941834E+02    0.5685030711E-02 W    0.10000E+01   0.15365E-03   0.15679E-03   0.00000E+00   0.00000E+00   0.37000E+02
        61 TCTPV.4L2.B1    0.1571000000E+01    0.4829473977E+02    0.4649578203E+02    0.5670899929E-02 W    0.10000E+01   0.15620E-03   0.15327E-03   0.00000E+00   0.00000E+00   0.37000E+02
        75 TDI.4L2.B1      0.1571000000E+01    0.1089565041E+03    0.4446075788E+02    0.1497260657E+00 CU   0.40000E+01   0.23462E-03   0.14988E-03   0.00000E+00   0.00000E+00   0.99900E+03
        69 TCLIA.4R2       0.1571000000E+01    0.5229672530E+02    0.1283592439E+03    0.2544031819E+00 C    0.10000E+01   0.16255E-03   0.25466E-03   0.00000E+00   0.00000E+00   0.99900E+03
        70 TCLIB.6R2.B1    0.1571000000E+01    0.2577620512E+03    0.3842292229E+02    0.1391887763E+00 C    0.10000E+01   0.36087E-03   0.13933E-03   0.00000E+00   0.00000E+00   0.99900E+03
         1 TCP.6L3.B1      0.0000000000E+00    0.1315206237E+03    0.1446940235E+03    0.3866621574E-02 C    0.60000E+00   0.25777E-03   0.27038E-03   0.00000E+00   0.00000E+00   0.15000E+02
         2 TCSG.5L3.B1     0.0000000000E+00    0.5460461289E+02    0.2986239342E+03    0.2989720933E-02 C    0.10000E+01   0.16610E-03   0.38842E-03   0.00000E+00   0.00000E+00   0.18000E+02
         4 TCSG.4R3.B1     0.0000000000E+00    0.2620971315E+02    0.3951963029E+03    0.2071319625E-02 C    0.10000E+01   0.11507E-03   0.44684E-03   0.00000E+00   0.00000E+00   0.18000E+02
         6 TCSG.A5R3.B1    0.2981020000E+01    0.3586769137E+02    0.3441113266E+03    0.2676032178E-02 C    0.10000E+01   0.13462E-03   0.41696E-03   0.00000E+00   0.00000E+00   0.18000E+02
         8 TCSG.B5R3.B1    0.1989675347E+00    0.4553781981E+02    0.3126775333E+03    0.3026992058E-02 C    0.10000E+01   0.15168E-03   0.39746E-03   0.00000E+00   0.00000E+00   0.18000E+02
        46 TCLA.A5R3.B1    0.1571000000E+01    0.1425293433E+03    0.1760130708E+03    0.5964113982E-02 W    0.10000E+01   0.26835E-03   0.29821E-03   0.00000E+00   0.00000E+00   0.20000E+02
        47 TCLA.B5R3.B1    0.0000000000E+00    0.1516147828E+03    0.1686870401E+03    0.5535339346E-02 W    0.10000E+01   0.27677E-03   0.29193E-03   0.00000E+00   0.00000E+00   0.20000E+02
        48 TCLA.6R3.B1     0.0000000000E+00    0.1294357523E+03    0.1687063985E+03    0.5114469613E-02 W    0.10000E+01   0.25572E-03   0.29195E-03   0.00000E+00   0.00000E+00   0.20000E+02
        49 TCLA.7R3.B1     0.0000000000E+00    0.6738944049E+02    0.8939802020E+02    0.3690365672E-02 W    0.10000E+01   0.18452E-03   0.21252E-03   0.00000E+00   0.00000E+00   0.20000E+02
        58 TCTPH.4L5.B1    0.0000000000E+00    0.2154118545E+04    0.8254893721E+03    0.9284708800E-02 W    0.10000E+01   0.10432E-02   0.64580E-03   0.00000E+00   0.00000E+00   0.89000E+01
        59 TCTPV.4L5.B1    0.1571000000E+01    0.2162757105E+04    0.8717179387E+03    0.5906381464E-02 W    0.10000E+01   0.10453E-02   0.66364E-03   0.00000E+00   0.00000E+00   0.89000E+01
        66 TCL.4R5.B1      0.0000000000E+00    0.7665875340E+03    0.2142807904E+04    0.9335027813E-02 CU   0.10000E+01   0.62234E-03   0.10405E-02   0.00000E+00   0.00000E+00   0.15000E+02
        67 TCL.5R5.B1      0.0000000000E+00    0.2232111766E+03    0.1288629647E+04    0.5037240753E-02 CU   0.10000E+01   0.33582E-03   0.80688E-03   0.00000E+00   0.00000E+00   0.15000E+02
        68 TCL.6R5.B1      0.0000000000E+00    0.1287184839E+02    0.4343201960E+03    0.1612849836E-02 W    0.10000E+01   0.80642E-04   0.46843E-03   0.00000E+00   0.00000E+00   0.20000E+02
        71 TCDQA.A4R6.B    0.0000000000E+00    0.4842939229E+03    0.1613884295E+03    0.4105594784E-02 C    0.30000E+01   0.49465E-03   0.28555E-03   0.00000E+00   0.00000E+00   0.83000E+01
        73 TCDQA.C4R6.B    0.0000000000E+00    0.4952540874E+03    0.1654589245E+03    0.4151792189E-02 C    0.30000E+01   0.50022E-03   0.28913E-03   0.00000E+00   0.00000E+00   0.83000E+01
        72 TCDQA.B4R6.B    0.0000000000E+00    0.5063883554E+03    0.1697343759E+03    0.4198202940E-02 C    0.30000E+01   0.50581E-03   0.29284E-03   0.00000E+00   0.00000E+00   0.83000E+01
        74 TCSP.A4R6.B1    0.0000000000E+00    0.5188532144E+03    0.1746805807E+03    0.4249558665E-02 C    0.10000E+01   0.51200E-03   0.29707E-03   0.00000E+00   0.00000E+00   0.83000E+01
        10 TCP.D6L7.B1     0.1571000000E+01    0.1588661800E+03    0.7826267936E+02    0.1093663040E-02 C    0.60000E+00   0.28331E-03   0.19885E-03   0.00000E+00   0.00000E+00   0.55000E+01
        11 TCP.C6L7.B1     0.0000000000E+00    0.1505239872E+03    0.8276243260E+02    0.1516732620E-02 C    0.60000E+00   0.27577E-03   0.20448E-03   0.00000E+00   0.00000E+00   0.55000E+01
        12 TCP.B6L7.B1     0.2215000000E+01    0.1424585043E+03    0.8748737094E+02    0.1280661897E-02 C    0.60000E+00   0.26828E-03   0.21024E-03   0.00000E+00   0.00000E+00   0.55000E+01
        16 TCSG.A6L7.B1    0.2462660000E+01    0.3987155573E+02    0.2269212053E+03    0.1797030421E-02 C    0.10000E+01   0.14193E-03   0.33860E-03   0.00000E+00   0.00000E+00   0.75000E+01
        18 TCSG.B5L7.B1    0.2504550000E+01    0.1600139521E+03    0.1665130222E+03    0.2147741114E-02 C    0.10000E+01   0.28433E-03   0.29005E-03   0.00000E+00   0.00000E+00   0.75000E+01
        20 TCSG.A5L7.B1    0.7103500000E+00    0.1859930850E+03    0.1459293091E+03    0.2191252210E-02 C    0.10000E+01   0.30654E-03   0.27153E-03   0.00000E+00   0.00000E+00   0.75000E+01
        22 TCSG.D4L7.B1    0.1570800000E+01    0.3329599905E+03    0.6886047531E+02    0.1398909928E-02 C    0.10000E+01   0.41015E-03   0.18652E-03   0.00000E+00   0.00000E+00   0.75000E+01
        26 TCSG.B4L7.B1    0.0000000000E+00    0.1397578896E+03    0.1309955091E+03    0.1992933976E-02 C    0.10000E+01   0.26572E-03   0.25726E-03   0.00000E+00   0.00000E+00   0.75000E+01
        28 TCSG.A4L7.B1    0.2349210000E+01    0.1286710867E+03    0.1412954165E+03    0.1959234783E-02 C    0.10000E+01   0.25497E-03   0.26718E-03   0.00000E+00   0.00000E+00   0.75000E+01
        30 TCSG.A4R7.B1    0.8080900000E+00    0.1182810736E+03    0.1522203384E+03    0.1966106617E-02 C    0.10000E+01   0.24446E-03   0.27732E-03   0.00000E+00   0.00000E+00   0.75000E+01
        36 TCSG.B5R7.B1    0.2469640000E+01    0.1218533081E+03    0.2675806509E+03    0.2251191810E-02 C    0.10000E+01   0.24812E-03   0.36768E-03   0.00000E+00   0.00000E+00   0.75000E+01
        40 TCSG.D5R7.B1    0.8971000000E+00    0.2138851121E+03    0.1585529547E+03    0.2262294178E-02 C    0.10000E+01   0.32873E-03   0.28303E-03   0.00000E+00   0.00000E+00   0.75000E+01
        42 TCSG.E5R7.B1    0.2277650000E+01    0.2414085982E+03    0.1361173884E+03    0.2265039243E-02 C    0.10000E+01   0.34924E-03   0.26224E-03   0.00000E+00   0.00000E+00   0.75000E+01
        44 TCSG.6R7.B1     0.8730000000E-02    0.3357666893E+03    0.4735650418E+02    0.3088939008E-02 C    0.10000E+01   0.41187E-03   0.15468E-03   0.00000E+00   0.00000E+00   0.75000E+01
        50 TCLA.A6R7.B1    0.1571000000E+01    0.2970758492E+03    0.4815513343E+02    0.1715763829E-02 W    0.10000E+01   0.38742E-03   0.15598E-03   0.00000E+00   0.00000E+00   0.11000E+02
        51 TCLA.B6R7.B1    0.0000000000E+00    0.1595043898E+03    0.7638768665E+02    0.3122644080E-02 W    0.10000E+01   0.28388E-03   0.19645E-03   0.00000E+00   0.00000E+00   0.11000E+02
        52 TCLA.C6R7.B1    0.1571000000E+01    0.6861722712E+02    0.1518870115E+03    0.3047168566E-02 W    0.10000E+01   0.18619E-03   0.27702E-03   0.00000E+00   0.00000E+00   0.11000E+02
        53 TCLA.D6R7.B1    0.0000000000E+00    0.6504935054E+02    0.1579157299E+03    0.1994149199E-02 W    0.10000E+01   0.18129E-03   0.28246E-03   0.00000E+00   0.00000E+00   0.11000E+02
        54 TCLA.A7R7.B1    0.0000000000E+00    0.6463387430E+02    0.1464538260E+03    0.1987770590E-02 W    0.10000E+01   0.18071E-03   0.27202E-03   0.00000E+00   0.00000E+00   0.11000E+02
        60 TCTPH.4L8.B1    0.0000000000E+00    0.2411571853E+03    0.3017606530E+03    0.5235821632E-02 W    0.10000E+01   0.34905E-03   0.39046E-03   0.00000E+00   0.00000E+00   0.15000E+02
        62 TCTPV.4L8.B1    0.1571000000E+01    0.2516986902E+03    0.3029580861E+03    0.5868485187E-02 W    0.10000E+01   0.35660E-03   0.39123E-03   0.00000E+00   0.00000E+00   0.15000E+02
        55 TCTPH.4L1.B1    0.0000000000E+00    0.2154118553E+04    0.8254893742E+03    0.9284708817E-02 W    0.10000E+01   0.10432E-02   0.64580E-03   0.00000E+00   0.00000E+00   0.89000E+01
        56 TCTPV.4L1.B1    0.1571000000E+01    0.2162757113E+04    0.8717179410E+03    0.5906381472E-02 W    0.10000E+01   0.10453E-02   0.66364E-03   0.00000E+00   0.00000E+00   0.89000E+01
