 # ID name  angle[rad]  betax[m]  betay[m] halfgap[m]  Material  Length[m]  sigx[m]  sigy[m] tilt1[rad] tilt2[rad] nsig
         1 TCL.4L1.B2      0.0000000000E+00    0.7900060981E+02    0.1616032042E+03    0.7585332320E+00 CU   0.10000E+01   0.75929E-03   0.10860E-02   0.00000E+00   0.00000E+00   0.99900E+03
         2 TCL.5L1.B2      0.0000000000E+00    0.1440540692E+03    0.1319399319E+03    0.1024288167E+01 CU   0.10000E+01   0.10253E-02   0.98126E-03   0.00000E+00   0.00000E+00   0.99900E+03
         3 TCL.6L1.B2      0.0000000000E+00    0.1020719079E+03    0.1570769063E+03    0.8622089104E+00 W    0.10000E+01   0.86307E-03   0.10707E-02   0.00000E+00   0.00000E+00   0.99900E+03
         4 TCTPH.4R8.B2    0.0000000000E+00    0.4682260855E+02    0.4831636739E+02    0.7599150700E-02 W    0.10000E+01   0.58455E-03   0.59380E-03   0.00000E+00   0.00000E+00   0.13000E+02
         6 TCTPV.4R8.B2    0.1570796320E+01    0.4840652713E+02    0.4618663087E+02    0.7547365744E-02 W    0.10000E+01   0.59435E-03   0.58057E-03   0.00000E+00   0.00000E+00   0.13000E+02
         5 TDI.4R8.B2      0.1570796320E+01    0.1086240333E+03    0.4447353869E+02    0.5691283688E+00 C    0.40000E+01   0.89034E-03   0.56970E-03   0.00000E+00   0.00000E+00   0.99900E+03
         7 TCLIA.4L8       0.1570796320E+01    0.5219809315E+02    0.1283882820E+03    0.9669902255E+00 C    0.10000E+01   0.61719E-03   0.96796E-03   0.00000E+00   0.00000E+00   0.99900E+03
         8 TCLIB.6L8.B2    0.1570796320E+01    0.2217736907E+03    0.1492553573E+02    0.3297041053E+00 C    0.10000E+01   0.12722E-02   0.33003E-03   0.00000E+00   0.00000E+00   0.99900E+03
         9 TCP.D6R7.B2     0.1570796320E+01    0.1587855279E+03    0.7830363057E+02    0.4308833448E-02 C    0.60000E+00   0.10765E-02   0.75594E-03   0.00000E+00   0.00000E+00   0.57000E+01
        10 TCP.C6R7.B2     0.0000000000E+00    0.1504438354E+03    0.8280686778E+02    0.5972497220E-02 C    0.60000E+00   0.10478E-02   0.77737E-03   0.00000E+00   0.00000E+00   0.57000E+01
        11 TCP.B6R7.B2     0.2225294790E+01    0.1423789697E+03    0.8753536548E+02    0.5057067257E-02 C    0.60000E+00   0.10193E-02   0.79926E-03   0.00000E+00   0.00000E+00   0.57000E+01
        15 TCSG.A6R7.B2    0.2466150230E+01    0.3982816750E+02    0.2270549320E+03    0.6084812083E-02 C    0.10000E+01   0.53912E-03   0.12872E-02   0.00000E+00   0.00000E+00   0.67000E+01
        17 TCSG.B5R7.B2    0.2506292800E+01    0.1601728625E+03    0.1665946498E+03    0.7294701652E-02 C    0.10000E+01   0.10812E-02   0.11026E-02   0.00000E+00   0.00000E+00   0.67000E+01
        19 TCSG.A5R7.B2    0.7086036700E+00    0.1861815125E+03    0.1459981997E+03    0.7444270718E-02 C    0.10000E+01   0.11656E-02   0.10322E-02   0.00000E+00   0.00000E+00   0.67000E+01
        21 TCSG.D4R7.B2    0.1570796320E+01    0.3333151321E+03    0.6887908167E+02    0.4750205292E-02 C    0.10000E+01   0.15596E-02   0.70899E-03   0.00000E+00   0.00000E+00   0.67000E+01
        25 TCSG.B4R7.B2    0.0000000000E+00    0.1516992560E+03    0.1212490197E+03    0.7049534340E-02 C    0.10000E+01   0.10522E-02   0.94066E-03   0.00000E+00   0.00000E+00   0.67000E+01
        27 TCSG.A4R7.B2    0.2305579940E+01    0.1399006446E+03    0.1309176212E+03    0.6649110901E-02 C    0.10000E+01   0.10104E-02   0.97745E-03   0.00000E+00   0.00000E+00   0.67000E+01
        29 TCSG.A4L7.B2    0.7347836100E+00    0.9967906778E+02    0.1758410489E+03    0.6623354830E-02 C    0.10000E+01   0.85290E-03   0.11328E-02   0.00000E+00   0.00000E+00   0.67000E+01
        35 TCSG.B5L7.B2    0.2469640890E+01    0.1217226385E+03    0.2674587175E+03    0.7640490819E-02 C    0.10000E+01   0.94250E-03   0.13971E-02   0.00000E+00   0.00000E+00   0.67000E+01
        39 TCSG.D5L7.B2    0.8970992300E+00    0.2136687062E+03    0.1584910414E+03    0.7678314192E-02 C    0.10000E+01   0.12487E-02   0.10755E-02   0.00000E+00   0.00000E+00   0.67000E+01
        41 TCSG.E5L7.B2    0.2277654670E+01    0.2411679621E+03    0.1360676593E+03    0.7687472012E-02 C    0.10000E+01   0.13266E-02   0.99649E-03   0.00000E+00   0.00000E+00   0.67000E+01
        43 TCSG.6L7.B2     0.8726640000E-02    0.3354705246E+03    0.4736683750E+02    0.1048290589E-01 C    0.10000E+01   0.15647E-02   0.58794E-03   0.00000E+00   0.00000E+00   0.67000E+01
        45 TCLA.A6L7.B2    0.1570796320E+01    0.2968226070E+03    0.4817301350E+02    0.5929196037E-02 W    0.10000E+01   0.14718E-02   0.59292E-03   0.00000E+00   0.00000E+00   0.10000E+02
        46 TCLA.B6L7.B2    0.0000000000E+00    0.1594043902E+03    0.7643265660E+02    0.1078559334E-01 W    0.10000E+01   0.10786E-02   0.74685E-03   0.00000E+00   0.00000E+00   0.10000E+02
        47 TCLA.C6L7.B2    0.1570796320E+01    0.6861986728E+02    0.1519504521E+03    0.1053040078E-01 W    0.10000E+01   0.70765E-03   0.10530E-02   0.00000E+00   0.00000E+00   0.10000E+02
        48 TCLA.D6L7.B2    0.0000000000E+00    0.6505609537E+02    0.1579799265E+03    0.6890296317E-02 W    0.10000E+01   0.68903E-03   0.10737E-02   0.00000E+00   0.00000E+00   0.10000E+02
        49 TCLA.A7L7.B2    0.0000000000E+00    0.6598871323E+02    0.1431853022E+03    0.6939508822E-02 W    0.10000E+01   0.69395E-03   0.10222E-02   0.00000E+00   0.00000E+00   0.10000E+02
        50 TCDQA.A4L6.B    0.0000000000E+00    0.4885144402E+03    0.1617955824E+03    0.1510506478E-01 C    0.30000E+01   0.18881E-02   0.10866E-02   0.00000E+00   0.00000E+00   0.80000E+01
        52 TCDQA.C4L6.B    0.0000000000E+00    0.4995952431E+03    0.1653792044E+03    0.1527541566E-01 C    0.30000E+01   0.19094E-02   0.10986E-02   0.00000E+00   0.00000E+00   0.80000E+01
        51 TCDQA.B4L6.B    0.0000000000E+00    0.5108513322E+03    0.1691561839E+03    0.1544653790E-01 C    0.30000E+01   0.19308E-02   0.11111E-02   0.00000E+00   0.00000E+00   0.80000E+01
        53 TCSP.A4L6.B2    0.0000000000E+00    0.5234517344E+03    0.1735399449E+03    0.1465863352E-01 C    0.10000E+01   0.19545E-02   0.11254E-02   0.00000E+00   0.00000E+00   0.75000E+01
        54 TCTPH.4R5.B2    0.0000000000E+00    0.1577231654E+03    0.7879648739E+02    0.1394713475E-01 W    0.10000E+01   0.10729E-02   0.75831E-03   0.00000E+00   0.00000E+00   0.13000E+02
        55 TCTPV.4R5.B2    0.1570796320E+01    0.1552802040E+03    0.7895992762E+02    0.9868260955E-02 W    0.10000E+01   0.10645E-02   0.75910E-03   0.00000E+00   0.00000E+00   0.13000E+02
        56 TCL.4L5.B2      0.0000000000E+00    0.7900785295E+02    0.1615176956E+03    0.7585680041E+00 CU   0.10000E+01   0.75933E-03   0.10857E-02   0.00000E+00   0.00000E+00   0.99900E+03
        57 TCL.5L5.B2      0.0000000000E+00    0.1443440888E+03    0.1315562303E+03    0.1025318733E+01 CU   0.10000E+01   0.10263E-02   0.97983E-03   0.00000E+00   0.00000E+00   0.99900E+03
        58 TCL.6L5.B2      0.0000000000E+00    0.9494855310E+02    0.1639574577E+03    0.8315791006E+00 W    0.10000E+01   0.83241E-03   0.10939E-02   0.00000E+00   0.00000E+00   0.99900E+03
        59 TCP.6R3.B2      0.0000000000E+00    0.1312352775E+03    0.1446070528E+03    0.7829052155E-02 C    0.60000E+00   0.97863E-03   0.10273E-02   0.00000E+00   0.00000E+00   0.80000E+01
        60 TCSG.5R3.B2     0.0000000000E+00    0.5453043720E+02    0.2984487822E+03    0.5866733232E-02 C    0.10000E+01   0.63083E-03   0.14758E-02   0.00000E+00   0.00000E+00   0.93000E+01
        62 TCSG.4L3.B2     0.0000000000E+00    0.2617789209E+02    0.3953718100E+03    0.4064846850E-02 C    0.10000E+01   0.43708E-03   0.16986E-02   0.00000E+00   0.00000E+00   0.93000E+01
        64 TCSG.A5L3.B2    0.2981022360E+01    0.3579147110E+02    0.3442724120E+03    0.5250522839E-02 C    0.10000E+01   0.51107E-03   0.15851E-02   0.00000E+00   0.00000E+00   0.93000E+01
        66 TCSG.B5L3.B2    0.1884955500E+00    0.4543915335E+02    0.3128280324E+03    0.5882699307E-02 C    0.10000E+01   0.57585E-03   0.15109E-02   0.00000E+00   0.00000E+00   0.93000E+01
        68 TCLA.A5L3.B2    0.1570796320E+01    0.1423259513E+03    0.1761114199E+03    0.1360407156E-01 W    0.10000E+01   0.10191E-02   0.11337E-02   0.00000E+00   0.00000E+00   0.12000E+02
        69 TCLA.B5L3.B2    0.0000000000E+00    0.1514052722E+03    0.1687821605E+03    0.1261379149E-01 W    0.10000E+01   0.10511E-02   0.11098E-02   0.00000E+00   0.00000E+00   0.12000E+02
        70 TCLA.6L3.B2     0.0000000000E+00    0.1294387668E+03    0.1687207805E+03    0.1166292094E-01 W    0.10000E+01   0.97191E-03   0.11096E-02   0.00000E+00   0.00000E+00   0.12000E+02
        71 TCLA.7L3.B2     0.0000000000E+00    0.6680930098E+02    0.9320265160E+02    0.8379027432E-02 W    0.10000E+01   0.69825E-03   0.82472E-03   0.00000E+00   0.00000E+00   0.12000E+02
        72 TCTPH.4R2.B2    0.0000000000E+00    0.4669123449E+02    0.4864770504E+02    0.7588482429E-02 W    0.10000E+01   0.58373E-03   0.59583E-03   0.00000E+00   0.00000E+00   0.13000E+02
        73 TCTPV.4R2.B2    0.1570796320E+01    0.4826655339E+02    0.4648492794E+02    0.7571698906E-02 W    0.10000E+01   0.59349E-03   0.58244E-03   0.00000E+00   0.00000E+00   0.13000E+02
        74 TCTPH.4R1.B2    0.0000000000E+00    0.1576519768E+03    0.7877533573E+02    0.1394398687E-01 W    0.10000E+01   0.10726E-02   0.75821E-03   0.00000E+00   0.00000E+00   0.13000E+02
        75 TCTPV.4R1.B2    0.1570796320E+01    0.1552047530E+03    0.7894145655E+02    0.9867106648E-02 W    0.10000E+01   0.10643E-02   0.75901E-03   0.00000E+00   0.00000E+00   0.13000E+02
