 # ID name  angle[rad]  betax[m]  betay[m] halfgap[m]  Material  Length[m]  sigx[m]  sigy[m] tilt1[rad] tilt2[rad] nsig
        63 TCL.4R1.B1      0.0000000000E+00    0.3856517900E+03    0.1074721736E+04    0.6621134584E-02 CU   0.10000E+01   0.44141E-03   0.73687E-03   0.00000E+00   0.00000E+00   0.15000E+02
        64 TCL.5R1.B1      0.0000000000E+00    0.1199584519E+03    0.6343410681E+03    0.3692752205E-02 CU   0.10000E+01   0.24618E-03   0.56612E-03   0.00000E+00   0.00000E+00   0.15000E+02
        57 TCTPH.4L2.B1    0.0000000000E+00    0.4672778870E+02    0.4865941932E+02    0.5685030770E-02 W    0.10000E+01   0.15365E-03   0.15679E-03   0.00000E+00   0.00000E+00   0.37000E+02
        61 TCTPV.4L2.B1    0.1571000000E+01    0.4829474082E+02    0.4649578298E+02    0.5670899987E-02 W    0.10000E+01   0.15620E-03   0.15327E-03   0.00000E+00   0.00000E+00   0.37000E+02
        75 TDI.4L2.B1      0.1571000000E+01    0.1089565060E+03    0.4446075788E+02    0.1497260657E+00 CU   0.40000E+01   0.23462E-03   0.14988E-03   0.00000E+00   0.00000E+00   0.99900E+03
        69 TCLIA.4R2       0.1571000000E+01    0.5229672573E+02    0.1283592422E+03    0.2544031802E+00 C    0.10000E+01   0.16255E-03   0.25466E-03   0.00000E+00   0.00000E+00   0.99900E+03
        70 TCLIB.6R2.B1    0.1571000000E+01    0.2577620559E+03    0.3842292308E+02    0.1391887777E+00 C    0.10000E+01   0.36087E-03   0.13933E-03   0.00000E+00   0.00000E+00   0.99900E+03
         1 TCP.6L3.B1      0.0000000000E+00    0.1315206237E+03    0.1446940230E+03    0.3866621573E-02 C    0.60000E+00   0.25777E-03   0.27038E-03   0.00000E+00   0.00000E+00   0.15000E+02
         2 TCSG.5L3.B1     0.0000000000E+00    0.5460461194E+02    0.2986239351E+03    0.2989720907E-02 C    0.10000E+01   0.16610E-03   0.38842E-03   0.00000E+00   0.00000E+00   0.18000E+02
         4 TCSG.4R3.B1     0.0000000000E+00    0.2620971366E+02    0.3951963091E+03    0.2071319645E-02 C    0.10000E+01   0.11507E-03   0.44684E-03   0.00000E+00   0.00000E+00   0.18000E+02
         6 TCSG.A5R3.B1    0.2981020000E+01    0.3586769157E+02    0.3441113317E+03    0.2676032189E-02 C    0.10000E+01   0.13462E-03   0.41696E-03   0.00000E+00   0.00000E+00   0.18000E+02
         8 TCSG.B5R3.B1    0.1989675347E+00    0.4553781977E+02    0.3126775378E+03    0.3026992062E-02 C    0.10000E+01   0.15168E-03   0.39746E-03   0.00000E+00   0.00000E+00   0.18000E+02
        46 TCLA.A5R3.B1    0.1571000000E+01    0.1425293409E+03    0.1760130725E+03    0.5964114011E-02 W    0.10000E+01   0.26835E-03   0.29821E-03   0.00000E+00   0.00000E+00   0.20000E+02
        47 TCLA.B5R3.B1    0.0000000000E+00    0.1516147802E+03    0.1686870416E+03    0.5535339299E-02 W    0.10000E+01   0.27677E-03   0.29193E-03   0.00000E+00   0.00000E+00   0.20000E+02
        48 TCLA.6R3.B1     0.0000000000E+00    0.1294357493E+03    0.1687063950E+03    0.5114469554E-02 W    0.10000E+01   0.25572E-03   0.29195E-03   0.00000E+00   0.00000E+00   0.20000E+02
        49 TCLA.7R3.B1     0.0000000000E+00    0.6738944199E+02    0.8939801866E+02    0.3690365713E-02 W    0.10000E+01   0.18452E-03   0.21252E-03   0.00000E+00   0.00000E+00   0.20000E+02
        58 TCTPH.4L5.B1    0.0000000000E+00    0.1080184578E+04    0.4149821182E+03    0.1012075786E-01 W    0.10000E+01   0.73874E-03   0.45789E-03   0.00000E+00   0.00000E+00   0.13700E+02
        59 TCTPV.4L5.B1    0.1571000000E+01    0.1084361370E+04    0.4380068513E+03    0.6444726821E-02 W    0.10000E+01   0.74017E-03   0.47042E-03   0.00000E+00   0.00000E+00   0.13700E+02
        66 TCL.4R5.B1      0.0000000000E+00    0.3856517911E+03    0.1074721739E+04    0.6621134594E-02 CU   0.10000E+01   0.44141E-03   0.73687E-03   0.00000E+00   0.00000E+00   0.15000E+02
        67 TCL.5R5.B1      0.0000000000E+00    0.1202458739E+03    0.6365094229E+03    0.3697173499E-02 CU   0.10000E+01   0.24648E-03   0.56708E-03   0.00000E+00   0.00000E+00   0.15000E+02
        71 TCDQA.A4R6.B    0.0000000000E+00    0.4842939257E+03    0.1613884335E+03    0.4501314776E-02 C    0.30000E+01   0.49465E-03   0.28555E-03   0.00000E+00   0.00000E+00   0.91000E+01
        73 TCDQA.C4R6.B    0.0000000000E+00    0.4952540899E+03    0.1654589287E+03    0.4551964942E-02 C    0.30000E+01   0.50022E-03   0.28913E-03   0.00000E+00   0.00000E+00   0.91000E+01
        72 TCDQA.B4R6.B    0.0000000000E+00    0.5063883577E+03    0.1697343802E+03    0.4602849017E-02 C    0.30000E+01   0.50581E-03   0.29284E-03   0.00000E+00   0.00000E+00   0.91000E+01
        74 TCSP.A4R6.B1    0.0000000000E+00    0.5188532164E+03    0.1746805852E+03    0.4659154690E-02 C    0.10000E+01   0.51200E-03   0.29707E-03   0.00000E+00   0.00000E+00   0.91000E+01
        10 TCP.D6L7.B1     0.1571000000E+01    0.1588661738E+03    0.7826267987E+02    0.1093663044E-02 C    0.60000E+00   0.28331E-03   0.19885E-03   0.00000E+00   0.00000E+00   0.55000E+01
        11 TCP.C6L7.B1     0.0000000000E+00    0.1505239815E+03    0.8276243303E+02    0.1516732592E-02 C    0.60000E+00   0.27577E-03   0.20448E-03   0.00000E+00   0.00000E+00   0.55000E+01
        12 TCP.B6L7.B1     0.2215000000E+01    0.1424584990E+03    0.8748737129E+02    0.1280661887E-02 C    0.60000E+00   0.26828E-03   0.21024E-03   0.00000E+00   0.00000E+00   0.55000E+01
        16 TCSG.A6L7.B1    0.2462660000E+01    0.3987155603E+02    0.2269212028E+03    0.1916832442E-02 C    0.10000E+01   0.14193E-03   0.33860E-03   0.00000E+00   0.00000E+00   0.80000E+01
        18 TCSG.B5L7.B1    0.2504550000E+01    0.1600139545E+03    0.1665130188E+03    0.2290923858E-02 C    0.10000E+01   0.28433E-03   0.29005E-03   0.00000E+00   0.00000E+00   0.80000E+01
        20 TCSG.A5L7.B1    0.7103500000E+00    0.1859930874E+03    0.1459293059E+03    0.2337335692E-02 C    0.10000E+01   0.30654E-03   0.27153E-03   0.00000E+00   0.00000E+00   0.80000E+01
        22 TCSG.D4L7.B1    0.1570800000E+01    0.3329599924E+03    0.6886047349E+02    0.1492170570E-02 C    0.10000E+01   0.41015E-03   0.18652E-03   0.00000E+00   0.00000E+00   0.80000E+01
        26 TCSG.B4L7.B1    0.0000000000E+00    0.1397578868E+03    0.1309955097E+03    0.2125796220E-02 C    0.10000E+01   0.26572E-03   0.25726E-03   0.00000E+00   0.00000E+00   0.80000E+01
        28 TCSG.A4L7.B1    0.2349210000E+01    0.1286710838E+03    0.1412954174E+03    0.2089850427E-02 C    0.10000E+01   0.25497E-03   0.26718E-03   0.00000E+00   0.00000E+00   0.80000E+01
        30 TCSG.A4R7.B1    0.8080900000E+00    0.1182810707E+03    0.1522203396E+03    0.2097180386E-02 C    0.10000E+01   0.24446E-03   0.27732E-03   0.00000E+00   0.00000E+00   0.80000E+01
        36 TCSG.B5R7.B1    0.2469640000E+01    0.1218533096E+03    0.2675806568E+03    0.2401271286E-02 C    0.10000E+01   0.24812E-03   0.36768E-03   0.00000E+00   0.00000E+00   0.80000E+01
        40 TCSG.D5R7.B1    0.8971000000E+00    0.2138851166E+03    0.1585529586E+03    0.2413113817E-02 C    0.10000E+01   0.32873E-03   0.28303E-03   0.00000E+00   0.00000E+00   0.80000E+01
        42 TCSG.E5R7.B1    0.2277650000E+01    0.2414086036E+03    0.1361173918E+03    0.2416041888E-02 C    0.10000E+01   0.34924E-03   0.26224E-03   0.00000E+00   0.00000E+00   0.80000E+01
        44 TCSG.6R7.B1     0.8730000000E-02    0.3357666995E+03    0.4735650521E+02    0.3294868325E-02 C    0.10000E+01   0.41187E-03   0.15468E-03   0.00000E+00   0.00000E+00   0.80000E+01
        50 TCLA.A6R7.B1    0.1571000000E+01    0.2970758587E+03    0.4815513421E+02    0.2183699436E-02 W    0.10000E+01   0.38742E-03   0.15598E-03   0.00000E+00   0.00000E+00   0.14000E+02
        51 TCLA.B6R7.B1    0.0000000000E+00    0.1595043962E+03    0.7638768580E+02    0.3974274363E-02 W    0.10000E+01   0.28388E-03   0.19645E-03   0.00000E+00   0.00000E+00   0.14000E+02
        52 TCLA.C6R7.B1    0.1571000000E+01    0.6861723025E+02    0.1518870079E+03    0.3878214493E-02 W    0.10000E+01   0.18619E-03   0.27702E-03   0.00000E+00   0.00000E+00   0.14000E+02
        53 TCLA.D6R7.B1    0.0000000000E+00    0.6504935348E+02    0.1579157261E+03    0.2538008129E-02 W    0.10000E+01   0.18129E-03   0.28246E-03   0.00000E+00   0.00000E+00   0.14000E+02
        54 TCLA.A7R7.B1    0.0000000000E+00    0.6463387639E+02    0.1464538222E+03    0.2529889883E-02 W    0.10000E+01   0.18071E-03   0.27202E-03   0.00000E+00   0.00000E+00   0.14000E+02
        60 TCTPH.4L8.B1    0.0000000000E+00    0.2411571748E+03    0.3017606530E+03    0.5235821518E-02 W    0.10000E+01   0.34905E-03   0.39046E-03   0.00000E+00   0.00000E+00   0.15000E+02
        62 TCTPV.4L8.B1    0.1571000000E+01    0.2516986793E+03    0.3029580861E+03    0.5868485186E-02 W    0.10000E+01   0.35660E-03   0.39123E-03   0.00000E+00   0.00000E+00   0.15000E+02
        55 TCTPH.4L1.B1    0.0000000000E+00    0.1080184583E+04    0.4149821172E+03    0.1012075788E-01 W    0.10000E+01   0.73874E-03   0.45789E-03   0.00000E+00   0.00000E+00   0.13700E+02
        56 TCTPV.4L1.B1    0.1571000000E+01    0.1084361374E+04    0.4380068502E+03    0.6444726813E-02 W    0.10000E+01   0.74017E-03   0.47042E-03   0.00000E+00   0.00000E+00   0.13700E+02
