 # ID name  angle[rad]  betax[m]  betay[m] halfgap[m]  Material  Length[m]  sigx[m]  sigy[m] tilt1[rad] tilt2[rad] nsig
         1 TCL.4L1.B2      0.0000000000E+00    0.7900060981E+02    0.1616032042E+03    0.1995832962E+00 CU   0.10000E+01   0.19978E-03   0.28574E-03   0.00000E+00   0.00000E+00   0.99900E+03
         2 TCL.5L1.B2      0.0000000000E+00    0.1440540692E+03    0.1319399319E+03    0.2695080454E+00 CU   0.10000E+01   0.26978E-03   0.25819E-03   0.00000E+00   0.00000E+00   0.99900E+03
         3 TCL.6L1.B2      0.0000000000E+00    0.1020719079E+03    0.1570769063E+03    0.2268621718E+00 W    0.10000E+01   0.22709E-03   0.28171E-03   0.00000E+00   0.00000E+00   0.99900E+03
         4 TCTPH.4R8.B2    0.0000000000E+00    0.4682260855E+02    0.4831636739E+02    0.5690795868E-02 W    0.10000E+01   0.15381E-03   0.15624E-03   0.00000E+00   0.00000E+00   0.37000E+02
         6 TCTPV.4R8.B2    0.1570796320E+01    0.4840652713E+02    0.4618663087E+02    0.5652015532E-02 W    0.10000E+01   0.15639E-03   0.15276E-03   0.00000E+00   0.00000E+00   0.37000E+02
         5 TDI.4R8.B2      0.1570796320E+01    0.1086240333E+03    0.4447353869E+02    0.1497475800E+00 C    0.40000E+01   0.23426E-03   0.14990E-03   0.00000E+00   0.00000E+00   0.99900E+03
         7 TCLIA.4L8       0.1570796320E+01    0.5219809315E+02    0.1283882820E+03    0.2544319596E+00 C    0.10000E+01   0.16239E-03   0.25469E-03   0.00000E+00   0.00000E+00   0.99900E+03
         8 TCLIB.6L8.B2    0.1570796320E+01    0.2217736907E+03    0.1492553573E+02    0.8675088885E-01 C    0.10000E+01   0.33473E-03   0.86838E-04   0.00000E+00   0.00000E+00   0.99900E+03
         9 TCP.D6R7.B2     0.1570796320E+01    0.1587855279E+03    0.7830363057E+02    0.1093949111E-02 C    0.60000E+00   0.28324E-03   0.19890E-03   0.00000E+00   0.00000E+00   0.55000E+01
        10 TCP.C6R7.B2     0.0000000000E+00    0.1504438354E+03    0.8280686778E+02    0.1516328747E-02 C    0.60000E+00   0.27570E-03   0.20454E-03   0.00000E+00   0.00000E+00   0.55000E+01
        11 TCP.B6R7.B2     0.2225294790E+01    0.1423789697E+03    0.8753536548E+02    0.1283914613E-02 C    0.60000E+00   0.26820E-03   0.21030E-03   0.00000E+00   0.00000E+00   0.55000E+01
        15 TCSG.A6R7.B2    0.2466150230E+01    0.3982816750E+02    0.2270549320E+03    0.1911665636E-02 C    0.10000E+01   0.14185E-03   0.33870E-03   0.00000E+00   0.00000E+00   0.80000E+01
        17 TCSG.B5R7.B2    0.2506292800E+01    0.1601728625E+03    0.1665946498E+03    0.2291776686E-02 C    0.10000E+01   0.28447E-03   0.29012E-03   0.00000E+00   0.00000E+00   0.80000E+01
        19 TCSG.A5R7.B2    0.7086036700E+00    0.1861815125E+03    0.1459981997E+03    0.2338766805E-02 C    0.10000E+01   0.30670E-03   0.27159E-03   0.00000E+00   0.00000E+00   0.80000E+01
        21 TCSG.D4R7.B2    0.1570796320E+01    0.3333151321E+03    0.6887908167E+02    0.1492372171E-02 C    0.10000E+01   0.41037E-03   0.18655E-03   0.00000E+00   0.00000E+00   0.80000E+01
        25 TCSG.B4R7.B2    0.0000000000E+00    0.1516992560E+03    0.1212490197E+03    0.2214752463E-02 C    0.10000E+01   0.27684E-03   0.24750E-03   0.00000E+00   0.00000E+00   0.80000E+01
        27 TCSG.A4R7.B2    0.2305579940E+01    0.1399006446E+03    0.1309176212E+03    0.2088951416E-02 C    0.10000E+01   0.26586E-03   0.25718E-03   0.00000E+00   0.00000E+00   0.80000E+01
        29 TCSG.A4L7.B2    0.7347836100E+00    0.9967906778E+02    0.1758410489E+03    0.2080859631E-02 C    0.10000E+01   0.22441E-03   0.29806E-03   0.00000E+00   0.00000E+00   0.80000E+01
        35 TCSG.B5L7.B2    0.2469640890E+01    0.1217226385E+03    0.2674587175E+03    0.2400413281E-02 C    0.10000E+01   0.24799E-03   0.36760E-03   0.00000E+00   0.00000E+00   0.80000E+01
        39 TCSG.D5L7.B2    0.8970992300E+00    0.2136687062E+03    0.1584910414E+03    0.2412296252E-02 C    0.10000E+01   0.32856E-03   0.28297E-03   0.00000E+00   0.00000E+00   0.80000E+01
        41 TCSG.E5L7.B2    0.2277654670E+01    0.2411679621E+03    0.1360676593E+03    0.2415173365E-02 C    0.10000E+01   0.34906E-03   0.26219E-03   0.00000E+00   0.00000E+00   0.80000E+01
        43 TCSG.6L7.B2     0.8726640000E-02    0.3354705246E+03    0.4736683750E+02    0.3293414930E-02 C    0.10000E+01   0.41169E-03   0.15470E-03   0.00000E+00   0.00000E+00   0.80000E+01
        45 TCLA.A6L7.B2    0.1570796320E+01    0.2968226070E+03    0.4817301350E+02    0.2184104552E-02 W    0.10000E+01   0.38725E-03   0.15601E-03   0.00000E+00   0.00000E+00   0.14000E+02
        46 TCLA.B6L7.B2    0.0000000000E+00    0.1594043902E+03    0.7643265660E+02    0.3973028274E-02 W    0.10000E+01   0.28379E-03   0.19651E-03   0.00000E+00   0.00000E+00   0.14000E+02
        47 TCLA.C6L7.B2    0.1570796320E+01    0.6861986728E+02    0.1519504521E+03    0.3879024430E-02 W    0.10000E+01   0.18620E-03   0.27707E-03   0.00000E+00   0.00000E+00   0.14000E+02
        48 TCLA.D6L7.B2    0.0000000000E+00    0.6505609537E+02    0.1579799265E+03    0.2538139649E-02 W    0.10000E+01   0.18130E-03   0.28252E-03   0.00000E+00   0.00000E+00   0.14000E+02
        49 TCLA.A7L7.B2    0.0000000000E+00    0.6598871323E+02    0.1431853022E+03    0.2556267782E-02 W    0.10000E+01   0.18259E-03   0.26896E-03   0.00000E+00   0.00000E+00   0.14000E+02
        50 TCDQA.A4L6.B    0.0000000000E+00    0.4885144402E+03    0.1617955824E+03    0.4520886210E-02 C    0.30000E+01   0.49680E-03   0.28591E-03   0.00000E+00   0.00000E+00   0.91000E+01
        52 TCDQA.C4L6.B    0.0000000000E+00    0.4995952431E+03    0.1653792044E+03    0.4571871554E-02 C    0.30000E+01   0.50240E-03   0.28906E-03   0.00000E+00   0.00000E+00   0.91000E+01
        51 TCDQA.B4L6.B    0.0000000000E+00    0.5108513322E+03    0.1691561839E+03    0.4623087767E-02 C    0.30000E+01   0.50803E-03   0.29234E-03   0.00000E+00   0.00000E+00   0.91000E+01
        53 TCSP.A4L6.B2    0.0000000000E+00    0.5234517344E+03    0.1735399449E+03    0.4679755838E-02 C    0.10000E+01   0.51426E-03   0.29610E-03   0.00000E+00   0.00000E+00   0.91000E+01
        54 TCTPH.4R5.B2    0.0000000000E+00    0.1577231654E+03    0.7879648739E+02    0.1044462729E-01 W    0.10000E+01   0.28229E-03   0.19952E-03   0.00000E+00   0.00000E+00   0.37000E+02
        55 TCTPV.4R5.B2    0.1570796320E+01    0.1552802040E+03    0.7895992762E+02    0.7390070402E-02 W    0.10000E+01   0.28009E-03   0.19973E-03   0.00000E+00   0.00000E+00   0.37000E+02
        56 TCL.4L5.B2      0.0000000000E+00    0.7900785295E+02    0.1615176956E+03    0.1995924454E+00 CU   0.10000E+01   0.19979E-03   0.28566E-03   0.00000E+00   0.00000E+00   0.99900E+03
        57 TCL.5L5.B2      0.0000000000E+00    0.1443440888E+03    0.1315562303E+03    0.2697792051E+00 CU   0.10000E+01   0.27005E-03   0.25781E-03   0.00000E+00   0.00000E+00   0.99900E+03
        58 TCL.6L5.B2      0.0000000000E+00    0.9494855310E+02    0.1639574577E+03    0.2188029357E+00 W    0.10000E+01   0.21902E-03   0.28781E-03   0.00000E+00   0.00000E+00   0.99900E+03
        59 TCP.6R3.B2      0.0000000000E+00    0.1312352775E+03    0.1446070528E+03    0.3862424799E-02 C    0.60000E+00   0.25749E-03   0.27030E-03   0.00000E+00   0.00000E+00   0.15000E+02
        60 TCSG.5R3.B2     0.0000000000E+00    0.5453043720E+02    0.2984487822E+03    0.2987689603E-02 C    0.10000E+01   0.16598E-03   0.38831E-03   0.00000E+00   0.00000E+00   0.18000E+02
        62 TCSG.4L3.B2     0.0000000000E+00    0.2617789209E+02    0.3953718100E+03    0.2070061854E-02 C    0.10000E+01   0.11500E-03   0.44694E-03   0.00000E+00   0.00000E+00   0.18000E+02
        64 TCSG.A5L3.B2    0.2981022360E+01    0.3579147110E+02    0.3442724120E+03    0.2673878610E-02 C    0.10000E+01   0.13447E-03   0.41706E-03   0.00000E+00   0.00000E+00   0.18000E+02
        66 TCSG.B5L3.B2    0.1884955500E+00    0.4543915335E+02    0.3128280324E+03    0.2995820479E-02 C    0.10000E+01   0.15152E-03   0.39755E-03   0.00000E+00   0.00000E+00   0.18000E+02
        68 TCLA.A5L3.B2    0.1570796320E+01    0.1423259513E+03    0.1761114199E+03    0.5965780027E-02 W    0.10000E+01   0.26815E-03   0.29829E-03   0.00000E+00   0.00000E+00   0.20000E+02
        69 TCLA.B5L3.B2    0.0000000000E+00    0.1514052722E+03    0.1687821605E+03    0.5531513489E-02 W    0.10000E+01   0.27658E-03   0.29202E-03   0.00000E+00   0.00000E+00   0.20000E+02
        70 TCLA.6L3.B2     0.0000000000E+00    0.1294387668E+03    0.1687207805E+03    0.5114529169E-02 W    0.10000E+01   0.25573E-03   0.29196E-03   0.00000E+00   0.00000E+00   0.20000E+02
        71 TCLA.7L3.B2     0.0000000000E+00    0.6680930098E+02    0.9320265160E+02    0.3674446602E-02 W    0.10000E+01   0.18372E-03   0.21700E-03   0.00000E+00   0.00000E+00   0.20000E+02
        72 TCTPH.4R2.B2    0.0000000000E+00    0.4669123449E+02    0.4864770504E+02    0.5682806692E-02 W    0.10000E+01   0.15359E-03   0.15677E-03   0.00000E+00   0.00000E+00   0.37000E+02
        73 TCTPV.4R2.B2    0.1570796320E+01    0.4826655339E+02    0.4648492794E+02    0.5670237971E-02 W    0.10000E+01   0.15616E-03   0.15325E-03   0.00000E+00   0.00000E+00   0.37000E+02
        74 TCTPH.4R1.B2    0.0000000000E+00    0.1576519768E+03    0.7877533573E+02    0.1044226993E-01 W    0.10000E+01   0.28222E-03   0.19950E-03   0.00000E+00   0.00000E+00   0.37000E+02
        75 TCTPV.4R1.B2    0.1570796320E+01    0.1552047530E+03    0.7894145655E+02    0.7389205972E-02 W    0.10000E+01   0.28002E-03   0.19971E-03   0.00000E+00   0.00000E+00   0.37000E+02
