Freq[Hz]
709.389
733.035
756.681
780.328
803.974
827.62
851.266
874.913
898.559
922.205
945.852
969.498
993.144
1016.79
1040.44
1064.08
1087.73
1111.38
1135.02
1158.67
1182.31
1205.96
1229.61
1253.25
1276.9
1300.55
1324.19
1347.84
1371.48
1395.13
1418.78
1442.42
1466.07
1489.72
1513.36
1537.01
1560.66
1584.3
1607.95
1631.59
1655.24
1678.89
1702.53
1726.18
1749.83
1773.47
1797.12
1820.76
1844.41
1868.06
1891.7
1915.35
1939
1962.64
1986.29
2009.93
2033.58
2057.23
2080.87
2104.52
2128.17
2151.81
2175.46
2199.11
2222.75
2246.4
2270.04
2293.69
2317.34
2340.98
2364.63
2388.28
2411.92
2435.57
2459.21
2482.86
2506.51
2530.15
2553.8
2577.45
2601.09
2624.74
2648.38
2672.03
2695.68
2719.32
2742.97
2766.62
2790.26
2813.91
2837.55
2861.2
2884.85
2908.49
2932.14
2955.79
2979.43
3003.08
3026.73
3050.37
3074.02
3097.66
3121.31
3144.96
3168.6
3192.25
3215.9
3239.54
3263.19
3286.83
3310.48
3334.13
3357.77
3381.42
3405.07
3428.71
3452.36
3476
3499.65
3523.3
3546.94
3570.59
3594.24
3617.88
3641.53
3665.18
3688.82
3712.47
3736.11
3759.76
3783.41
3807.05
3830.7
3854.35
3877.99
3901.64
3925.28
3948.93
3972.58
3996.22
4019.87
4043.52
4067.16
4090.81
4114.45
4138.1
4161.75
4185.39
4209.04
4232.69
4256.33
4279.98
4303.62
4327.27
4350.92
4374.56
4398.21
4421.86
4445.5
4469.15
4492.8
4516.44
4540.09
4563.73
4587.38
4611.03
4634.67
4658.32
4681.97
4705.61
4729.26
4752.9
4776.55
4800.2
4823.84
4847.49
4871.14
4894.78
4918.43
4942.07
4965.72
4989.37
5013.01
5036.66
5060.31
5083.95
5107.6
5131.25
5154.89
5178.54
5202.18
5225.83
5249.48
5273.12
5296.77
5320.42
5344.06
5367.71
5391.35
5415
5438.65
5462.29
5485.94
5509.59
5533.23
5556.88
5580.52
5604.17
5627.82
5651.46
5675.11
5698.76
5722.4
5746.05
5769.69
5793.34
5816.99
5840.63
5864.28
5887.93
5911.57
5935.22
5958.87
5982.51
6006.16
6029.8
6053.45
6077.1
6100.74
6124.39
6148.04
6171.68
6195.33
6218.97
6242.62
6266.27
6289.91
6313.56
6337.21
6360.85
6384.5
6408.14
6431.79
6455.44
6479.08
6502.73
6526.38
6550.02
6573.67
6597.32
6620.96
6644.61
6668.25
6691.9
6715.55
6739.19
6762.84
6786.49
6810.13
6833.78
6857.42
6881.07
6904.72
6928.36
6952.01
6975.66
6999.3
7022.95
7046.59
7070.24
7093.89
7117.53
7141.18
7164.83
7188.47
7212.12
7235.76
7259.41
7283.06
7306.7
7330.35
7354
7377.64
7401.29
7424.94
7448.58
7472.23
7495.87
7519.52
7543.17
7566.81
7590.46
7614.11
7637.75
7661.4
7685.04
7708.69
7732.34
7755.98
7779.63
7803.28
7826.92
7850.57
7874.21
7897.86
7921.51
7945.15
7968.8
7992.45
8016.09
8039.74
8063.39
8087.03
8110.68
8134.32
8157.97
8181.62
8205.26
8228.91
8252.56
8276.2
8299.85
8323.49
8347.14
8370.79
8394.43
8418.08
8441.73
8465.37
8489.02
8512.66
8536.31
8559.96
8583.6
8607.25
8630.9
8654.54
8678.19
8701.84
8725.48
8749.13
8772.77
8796.42
8820.07
8843.71
8867.36
8891.01
8914.65
8938.3
8961.94
8985.59
9009.24
9032.88
9056.53
9080.18
9103.82
9127.47
9151.11
9174.76
9198.41
9222.05
9245.7
9269.35
9292.99
9316.64
9340.28
9363.93
9387.58
9411.22
9434.87
9458.52
9482.16
9505.81
9529.46
9553.1
9576.75
9600.39
9624.04
9647.69
9671.33
9694.98
9718.63
9742.27
9765.92
9789.56
9813.21
9836.86
9860.5
9884.15
9907.8
9931.44
9955.09
9978.73
10002.4
10026
10049.7
10073.3
10097
10120.6
10144.3
10167.9
10191.6
10215.2
10238.8
10262.5
10286.1
10309.8
10333.4
10357.1
10380.7
10404.4
10428
10451.7
10475.3
10499
10522.6
10546.2
10569.9
10593.5
10617.2
10640.8
10664.5
10688.1
10711.8
10735.4
10759.1
10782.7
10806.4
10830
10853.6
10877.3
10900.9
10924.6
10948.2
10971.9
10995.5
11019.2
11042.8
11066.5
11090.1
11113.8
11137.4
11161
11184.7
11208.3
11232
11255.6
11279.3
11302.9
11326.6
11350.2
11373.9
11397.5
11421.2
11444.8
11468.5
11492.1
11515.7
11539.4
11563
11586.7
11610.3
11634
11657.6
11681.3
11704.9
11728.6
11752.2
11775.9
11799.5
11823.1
11846.8
11870.4
11894.1
11917.7
11941.4
11965
11988.7
12012.3
12036
12059.6
12083.3
12106.9
12130.5
12154.2
12177.8
12201.5
12225.1
12248.8
12272.4
12296.1
12319.7
12343.4
12367
12390.7
12414.3
12437.9
12461.6
12485.2
12508.9
12532.5
12556.2
12579.8
12603.5
12627.1
12650.8
12674.4
12698.1
12721.7
12745.4
12769
12792.6
12816.3
12839.9
12863.6
12887.2
12910.9
12934.5
12958.2
12981.8
13005.5
13029.1
13005.5
13241.9
13478.4
13714.8
13951.3
14187.8
14424.2
14660.7
14897.2
15133.6
15370.1
15606.6
15843
16079.5
16315.9
16552.4
16788.9
17025.3
17261.8
17498.3
17734.7
17971.2
18207.6
18444.1
18680.6
18917
19153.5
19390
19626.4
19862.9
20099.3
20335.8
20572.3
20808.7
21045.2
21281.7
21518.1
21754.6
21991.1
22227.5
22464
22700.4
22936.9
23173.4
23409.8
23646.3
23882.8
24119.2
24355.7
24592.1
24828.6
25065.1
25301.5
25538
25774.5
26010.9
26247.4
26483.8
26720.3
26956.8
27193.2
27429.7
27666.2
27902.6
28139.1
28375.5
28612
28848.5
29084.9
29321.4
29557.9
29794.3
30030.8
30267.3
30503.7
30740.2
30976.6
31213.1
31449.6
31686
31922.5
32159
32395.4
32631.9
32868.3
33104.8
33341.3
33577.7
33814.2
34050.7
34287.1
34523.6
34760
34996.5
35233
35469.4
35705.9
35942.4
36178.8
36415.3
36651.8
36888.2
37124.7
37361.1
37597.6
37834.1
38070.5
38307
38543.5
38779.9
39016.4
39252.8
39489.3
39725.8
39962.2
40198.7
40435.2
40671.6
40908.1
41144.5
41381
41617.5
41853.9
42090.4
42326.9
42563.3
42799.8
43036.2
43272.7
43509.2
43745.6
43982.1
44218.6
44455
44691.5
44928
45164.4
45400.9
45637.3
45873.8
46110.3
46346.7
46583.2
46819.7
47056.1
47292.6
47529
47765.5
48002
48238.4
48474.9
48711.4
48947.8
49184.3
49420.7
49657.2
49893.7
50130.1
50366.6
50603.1
50839.5
51076
51312.5
51548.9
51785.4
52021.8
52258.3
52494.8
52731.2
52967.7
53204.2
53440.6
53677.1
53913.5
54150
54386.5
54622.9
54859.4
55095.9
55332.3
55568.8
55805.2
56041.7
56278.2
56514.6
56751.1
56987.6
57224
57460.5
57697
57933.4
58169.9
58406.3
58642.8
58879.3
59115.7
59352.2
59588.7
59825.1
60061.6
60298
60534.5
60771
61007.4
61243.9
61480.4
61716.8
61953.3
62189.7
62426.2
62662.7
62899.1
63135.6
63372.1
63608.5
63845
64081.4
64317.9
64554.4
64790.8
65027.3
65263.8
65500.2
65736.7
65973.2
66209.6
66446.1
66682.5
66919
67155.5
67391.9
67628.4
67864.9
68101.3
68337.8
68574.2
68810.7
69047.2
69283.6
69520.1
69756.6
69993
70229.5
70465.9
70702.4
70938.9
71175.3
71411.8
71648.3
71884.7
72121.2
72357.7
72594.1
72830.6
73067
73303.5
73540
73776.4
74012.9
74249.4
74485.8
74722.3
74958.7
75195.2
75431.7
75668.1
75904.6
76141.1
76377.5
76614
76850.4
77086.9
77323.4
77559.8
77796.3
78032.8
78269.2
78505.7
78742.1
78978.6
79215.1
79451.5
79688
79924.5
80160.9
80397.4
80633.9
80870.3
81106.8
81343.2
81579.7
81816.2
82052.6
82289.1
82525.6
82762
82998.5
83234.9
83471.4
83707.9
83944.3
84180.8
84417.3
84653.7
84890.2
85126.6
85363.1
85599.6
85836
86072.5
86309
86545.4
86781.9
87018.3
87254.8
87491.3
87727.7
87964.2
88200.7
88437.1
88673.6
88910.1
89146.5
89383
89619.4
89855.9
90092.4
90328.8
90565.3
90801.8
91038.2
91274.7
91511.1
91747.6
91984.1
92220.5
92457
92693.5
92929.9
93166.4
93402.8
93639.3
93875.8
94112.2
94348.7
94585.2
94821.6
95058.1
95294.6
95531
95767.5
96003.9
96240.4
96476.9
96713.3
96949.8
97186.3
97422.7
97659.2
97895.6
98132.1
98368.6
98605
98841.5
99078
99314.4
99550.9
99787.3
100024
100260
100497
100733
100970
101206
101443
101679
101916
102152
102388
102625
102861
103098
103334
103571
103807
104044
104280
104517
104753
104990
105226
105462
105699
105935
106172
106408
106645
106881
107118
107354
107591
107827
108064
108300
108536
108773
109009
109246
109482
109719
109955
110192
110428
110665
110901
111138
111374
111610
111847
112083
112320
112556
112793
113029
113266
113502
113739
113975
114212
114448
114685
114921
115157
115394
115630
115867
116103
116340
116576
116813
117049
117286
117522
117759
117995
118231
118468
118704
118941
119177
119414
119650
119887
120123
120360
120596
120833
121069
121305
121542
121778
122015
122251
122488
122724
122961
123197
123434
123670
123907
124143
124379
124616
124852
125089
125325
125562
125798
126035
126271
126508
126744
126981
127217
127454
127690
127926
128163
128399
128636
128872
129109
129345
129582
129818
130055
130291
130055
132419
134784
137148
139513
141878
144242
146607
148972
151336
153701
156066
158430
160795
163159
165524
167889
170253
172618
174983
177347
179712
182076
184441
186806
189170
191535
193900
196264
198629
200993
203358
205723
208087
210452
212817
215181
217546
219910
222275
224640
227004
229369
231734
234098
236463
238828
241192
243557
245921
248286
250651
253015
255380
257745
260109
262474
264838
267203
269568
271932
274297
276662
279026
281391
283755
286120
288485
290849
293214
295579
297943
300308
302673
305037
307402
309766
312131
314496
316860
319225
321590
323954
326319
328683
331048
333413
335777
338142
340507
342871
345236
347600
349965
352330
354694
357059
359424
361788
364153
366518
368882
371247
373611
375976
378341
380705
383070
385435
387799
390164
392528
394893
397258
399622
401987
404352
406716
409081
411445
413810
416175
418539
420904
423269
425633
427998
430362
432727
435092
437456
439821
442186
444550
446915
449280
451644
454009
456373
458738
461103
463467
465832
468197
470561
472926
475290
477655
480020
482384
484749
487114
489478
491843
494207
496572
498937
501301
503666
506031
508395
510760
513125
515489
517854
520218
522583
524948
527312
529677
532042
534406
536771
539135
541500
543865
546229
548594
550959
553323
555688
558052
560417
562782
565146
567511
569876
572240
574605
576970
579334
581699
584063
586428
588793
591157
593522
595887
598251
600616
602980
605345
607710
610074
612439
614804
617168
619533
621897
624262
626627
628991
631356
633721
636085
638450
640814
643179
645544
647908
650273
652638
655002
657367
659732
662096
664461
666825
669190
671555
673919
676284
678649
681013
683378
685742
688107
690472
692836
695201
697566
699930
702295
704659
707024
709389
711753
714118
716483
718847
721212
723576
725941
728306
730670
733035
735400
737764
740129
742494
744858
747223
749587
751952
754317
756681
759046
761411
763775
766140
768504
770869
773234
775598
777963
780328
782692
785057
787421
789786
792151
794515
796880
799245
801609
803974
806339
808703
811068
813432
815797
818162
820526
822891
825256
827620
829985
832349
834714
837079
839443
841808
844173
846537
848902
851266
853631
855996
858360
860725
863090
865454
867819
870184
872548
874913
877277
879642
882007
884371
886736
889101
891465
893830
896194
898559
900924
903288
905653
908018
910382
912747
915111
917476
919841
922205
924570
926935
929299
931664
934028
936393
938758
941122
943487
945852
948216
950581
952946
955310
957675
960039
962404
964769
967133
969498
971863
974227
976592
978956
981321
983686
986050
988415
990780
993144
995509
997873
1.00024e+06
1.0026e+06
1.00497e+06
1007332
1.0097e+06
1.01206e+06
1.01443e+06
1.01679e+06
1.01916e+06
1.02152e+06
1.02388e+06
1026249
1.02861e+06
1.03098e+06
1.03334e+06
1.03571e+06
1.03807e+06
1.04044e+06
1.0428e+06
1.04517e+06
1.04753e+06
1.0499e+06
1.05226e+06
1.05462e+06
1.05699e+06
1.05935e+06
1.06172e+06
1.06408e+06
1.06645e+06
1.06881e+06
1071177
1.07354e+06
1.07591e+06
1.07827e+06
1.08064e+06
1.083e+06
1.08536e+06
1.08773e+06
1090094
1.09246e+06
1.09482e+06
1.09719e+06
1.09955e+06
1.10192e+06
1.10428e+06
1.10665e+06
1109011
1.11138e+06
1.11374e+06
1.1161e+06
1.11847e+06
1.12083e+06
1.1232e+06
1.12556e+06
1.12793e+06
1.13029e+06
1.13266e+06
1135022
1.13739e+06
1.13975e+06
1.14212e+06
1.14448e+06
1.14685e+06
1.14921e+06
1.15157e+06
1153939
1.1563e+06
1.15867e+06
1.16103e+06
1.1634e+06
1.16576e+06
1.16813e+06
1.17049e+06
1172856
1.17522e+06
1.17759e+06
1.17995e+06
1.18231e+06
1.18468e+06
1.18704e+06
1.18941e+06
1.19177e+06
1.19414e+06
1.1965e+06
1.19887e+06
1.20123e+06
1.2036e+06
1.20596e+06
1.20833e+06
1.21069e+06
1.21305e+06
1.21542e+06
1217784
1.22015e+06
1.22251e+06
1.22488e+06
1.22724e+06
1.22961e+06
1.23197e+06
1.23434e+06
1236701
1.23907e+06
1.24143e+06
1.24379e+06
1.24616e+06
1.24852e+06
1.25089e+06
1.25325e+06
1255618
1.25798e+06
1.26035e+06
1.26271e+06
1.26508e+06
1.26744e+06
1.26981e+06
1.27217e+06
1.27454e+06
1.2769e+06
1.27926e+06
1281629
1.28399e+06
1.28636e+06
1.28872e+06
1.29109e+06
1.29345e+06
1.29582e+06
1.29818e+06
1300546
1.30291e+06
1300546
1.32419e+06
1.34784e+06
1.37148e+06
1.39513e+06
1.41878e+06
1.44242e+06
1466070
1.48972e+06
1.51336e+06
1.53701e+06
1.56066e+06
1.5843e+06
1.60795e+06
1.63159e+06
1.65524e+06
1.67889e+06
1.70253e+06
1.72618e+06
1.74983e+06
1.77347e+06
1.79712e+06
1.82076e+06
1.84441e+06
1868057
1.8917e+06
1.91535e+06
1.939e+06
1.96264e+06
1.98629e+06
2.00993e+06
2033581
2.05723e+06
2.08087e+06
2.10452e+06
2.12817e+06
2.15181e+06
2.17546e+06
2199105
2.22275e+06
2.2464e+06
2.27004e+06
2.29369e+06
2.31734e+06
2.34098e+06
2.36463e+06
2.38828e+06
2.41192e+06
2435568
2.45921e+06
2.48286e+06
2.50651e+06
2.53015e+06
2.5538e+06
2.57745e+06
2601092
2.62474e+06
2.64838e+06
2.67203e+06
2.69568e+06
2.71932e+06
2.74297e+06
2766616
2.79026e+06
2.81391e+06
2.83755e+06
2.8612e+06
2.88485e+06
2.90849e+06
2.93214e+06
2.95579e+06
2.97943e+06
3.00308e+06
3.02673e+06
3.05037e+06
3.07402e+06
3.09766e+06
3.12131e+06
3.14496e+06
3168603
3.19225e+06
3.2159e+06
3.23954e+06
3.26319e+06
3.28683e+06
3.31048e+06
3334127
3.35777e+06
3.38142e+06
3.40507e+06
3.42871e+06
3.45236e+06
3.476e+06
3499651
3.5233e+06
3.54694e+06
3.57059e+06
3.59424e+06
3.61788e+06
3.64153e+06
3.66518e+06
3.68882e+06
3.71247e+06
3.73611e+06
3.75976e+06
3.78341e+06
3.80705e+06
3.8307e+06
3.85435e+06
3.87799e+06
3901638
3.92528e+06
3.94893e+06
3.97258e+06
3.99622e+06
4.01987e+06
4.04352e+06
4067162
4.09081e+06
4.11445e+06
4.1381e+06
4.16175e+06
4.18539e+06
4.20904e+06
4.23269e+06
4.25633e+06
4.27998e+06
4.30362e+06
4.32727e+06
4.35092e+06
4.37456e+06
4.39821e+06
4.42186e+06
4.4455e+06
4469149
4.4928e+06
4.51644e+06
4.54009e+06
4.56373e+06
4.58738e+06
4.61103e+06
4634673
4.65832e+06
4.68197e+06
4.70561e+06
4.72926e+06
4.7529e+06
4.77655e+06
4800197
4.82384e+06
4.84749e+06
4.87114e+06
4.89478e+06
4.91843e+06
4.94207e+06
4.96572e+06
4.98937e+06
5.01301e+06
5.03666e+06
5.06031e+06
5.08395e+06
5.1076e+06
5.13125e+06
5.15489e+06
5.17854e+06
5202184
5.22583e+06
5.24948e+06
5.27312e+06
5.29677e+06
5.32042e+06
5.34406e+06
5367708
5.39135e+06
5.415e+06
5.43865e+06
5.46229e+06
5.48594e+06
5.50959e+06
5533232
5.55688e+06
5.58052e+06
5.60417e+06
5.62782e+06
5.65146e+06
5.67511e+06
5.69876e+06
5.7224e+06
5.74605e+06
5769695
5.79334e+06
5.81699e+06
5.84063e+06
5.86428e+06
5.88793e+06
5.91157e+06
5935219
5.95887e+06
5.98251e+06
6.00616e+06
6.0298e+06
6.05345e+06
6.0771e+06
6100743
6.12439e+06
6.14804e+06
6.17168e+06
6.19533e+06
6.21897e+06
6.24262e+06
6.26627e+06
6.28991e+06
6.31356e+06
6.33721e+06
6.36085e+06
6.3845e+06
6.40814e+06
6.43179e+06
6.45544e+06
6.47908e+06
6502730
6.52638e+06
6.55002e+06
6.57367e+06
6.59732e+06
6.62096e+06
6.64461e+06
6668254
6.6919e+06
6.71555e+06
6.73919e+06
6.76284e+06
6.78649e+06
6.81013e+06
6833778
6.85742e+06
6.88107e+06
6.90472e+06
6.92836e+06
6.95201e+06
6.97566e+06
6.9993e+06
7.02295e+06
7.04659e+06
7.07024e+06
7.09389e+06
7.11753e+06
7.14118e+06
7.16483e+06
7.18847e+06
7.21212e+06
7235765
7.25941e+06
7.28306e+06
7.3067e+06
7.33035e+06
7.354e+06
7.37764e+06
7401289
7.42494e+06
7.44858e+06
7.47223e+06
7.49587e+06
7.51952e+06
7.54317e+06
7.56681e+06
7.59046e+06
7.61411e+06
7.63775e+06
7.6614e+06
7.68504e+06
7.70869e+06
7.73234e+06
7.75598e+06
7.77963e+06
7803276
7.82692e+06
7.85057e+06
7.87421e+06
7.89786e+06
7.92151e+06
7.94515e+06
7968800
7.99245e+06
8.01609e+06
8.03974e+06
8.06339e+06
8.08703e+06
8.11068e+06
8134324
8.15797e+06
8.18162e+06
8.20526e+06
8.22891e+06
8.25256e+06
8.2762e+06
8.29985e+06
8.32349e+06
8.34714e+06
8.37079e+06
8.39443e+06
8.41808e+06
8.44173e+06
8.46537e+06
8.48902e+06
8.51266e+06
8536311
8.55996e+06
8.5836e+06
8.60725e+06
8.6309e+06
8.65454e+06
8.67819e+06
8701835
8.72548e+06
8.74913e+06
8.77277e+06
8.79642e+06
8.82007e+06
8.84371e+06
8.86736e+06
8.89101e+06
8.91465e+06
8.9383e+06
8.96194e+06
8.98559e+06
9.00924e+06
9.03288e+06
9.05653e+06
9.08018e+06
9103822
9.12747e+06
9.15111e+06
9.17476e+06
9.19841e+06
9.22205e+06
9.2457e+06
9269346
9.29299e+06
9.31664e+06
9.34028e+06
9.36393e+06
9.38758e+06
9.41122e+06
9434870
9.45852e+06
9.48216e+06
9.50581e+06
9.52946e+06
9.5531e+06
9.57675e+06
9.60039e+06
9.62404e+06
9.64769e+06
9.67133e+06
9.69498e+06
9.71863e+06
9.74227e+06
9.76592e+06
9.78956e+06
9.81321e+06
9836857
9.8605e+06
9.88415e+06
9.9078e+06
9.93144e+06
9.95509e+06
9.97873e+06
10002381
10026027
10049674
10073320
10096966
10120612
10144259
10167905
10191551
10215198
10238844
10262490
10286136
10309783
10333429
10357075
10380722
10404368
10428014
10451661
10475307
10498953
10522599
10546246
10569892
10593538
10617185
10640831
10664477
10688123
10711770
10735416
10759062
10782709
10806355
10830001
10853647
10877294
10900940
10924586
10948233
10971879
10995525
11019172
11042818
11066464
11090110
11113757
11137403
11161049
11184696
11208342
11231988
11255634
11279281
11302927
11326573
11350220
11373866
11397512
11421158
11444805
11468451
11492097
11515744
11539390
11563036
11586682
11610329
11633975
11657621
11681268
11704914
11728560
11752207
11775853
11799499
11823145
11846792
11870438
11894084
11917731
11941377
11965023
11988669
12012316
12035962
12059608
12083255
12106901
12130547
12154193
12177840
12201486
12225132
12248779
12272425
12296071
12319718
12343364
12367010
12390656
12414303
12437949
12461595
12485242
12508888
12532534
12556180
12579827
12603473
12627119
12650766
12674412
12698058
12721704
12745351
12768997
12792643
12816290
12839936
12863582
12887228
12910875
12934521
12958167
12981814
13005460
13029106
13005460
13241923
13478386
13714849
13951312
14187774
14424237
14660700
14897163
15133626
15370089
15606552
15843015
16079478
16315941
1.65524e+07
16788866
17025329
17261792
17498255
17734718
17971181
18207644
18444107
18680570
18917033
19153496
19389958
19626421
19862884
20099347
20335810
20572273
20808736
21045199
21281662
21518125
21754588
21991050
22227513
22463976
22700439
22936902
23173365
23409828
23646291
23882754
24119217
24355680
24592142
24828605
25065068
25301531
25537994
25774457
26010920
26247383
26483846
26720309
26956772
27193234
27429697
27666160
27902623
28139086
28375549
28612012
28848475
29084938
29321401
29557864
29794326
30030789
30267252
30503715
30740178
30976641
31213104
31449567
31686030
31922493
32158955
32395418
32631881
3.28683e+07
33104807
3.33413e+07
33577733
33814196
34050659
34287122
34523585
34760047
34996510
35232973
35469436
35705899
35942362
36178825
36415288
36651751
36888214
37124677
37361139
37597602
37834065
38070528
38306991
38543454
38779917
39016380
39252843
39489306
39725769
39962231
40198694
40435157
40671620
40908083
41144546
41381009
41617472
41853935
42090398
42326861
42563323
42799786
43036249
43272712
43509175
43745638
43982101
44218564
44455027
44691490
44927953
45164415
45400878
45637341
45873804
46110267
46346730
46583193
46819656
47056119
47292582
47529045
47765507
48001970
48238433
48474896
48711359
48947822
49184285
49420748
49657211
49893674
50130137
50366599
50603062
50839525
51075988
51312451
51548914
51785377
52021840
52258303
52494766
52731228
52967691
53204154
53440617
53677080
53913543
54150006
54386469
54622932
54859395
55095858
55332320
55568783
55805246
56041709
56278172
56514635
56751098
56987561
57224024
57460487
57696950
57933412
58169875
58406338
58642801
58879264
59115727
59352190
59588653
59825116
60061579
60298042
60534504
60770967
61007430
61243893
61480356
61716819
61953282
62189745
62426208
62662671
62899134
63135596
63372059
63608522
63844985
64081448
64317911
64554374
64790837
65027300
65263763
65500226
6.57367e+07
65973151
66209614
6.64461e+07
6.66825e+07
66919003
67155466
67391929
67628392
67864855
68101318
68337780
68574243
68810706
69047169
69283632
69520095
69756558
69993021
70229484
70465947
70702409
70938872
71175335
71411798
71648261
71884724
72121187
72357650
72594113
72830576
73067039
73303501
73539964
73776427
74012890
74249353
74485816
74722279
74958742
75195205
75431668
75668131
75904593
76141056
76377519
76613982
76850445
77086908
77323371
77559834
77796297
78032760
78269223
78505685
78742148
78978611
79215074
79451537
79688000
79924463
80160926
80397389
80633852
80870315
81106777
81343240
81579703
81816166
82052629
82289092
82525555
82762018
82998481
83234944
83471407
83707869
83944332
84180795
84417258
84653721
84890184
85126647
85363110
85599573
85836036
86072499
86308961
86545424
86781887
87018350
87254813
87491276
87727739
87964202
88200665
88437128
88673591
88910053
89146516
89382979
89619442
89855905
90092368
90328831
90565294
90801757
91038220
91274682
91511145
91747608
91984071
92220534
92456997
92693460
92929923
93166386
93402849
93639312
93875774
94112237
94348700
94585163
94821626
95058089
95294552
95531015
95767478
96003941
96240404
96476866
96713329
96949792
97186255
97422718
97659181
97895644
98132107
98368570
98605033
98841496
99077958
99314421
99550884
99787347
100023810
100260270
100496740
100733200
100969660
101206120
101442590
101679050
101915510
102151980
102388440
102624900
102861360
103097830
103334290
103570750
103807220
104043680
104280140
104516610
104753070
104989530
105225990
105462460
105698920
105935380
106171850
106408310
106644770
106881230
107117700
107354160
107590620
107827090
108063550
108300010
108536470
108772940
109009400
109245860
109482330
109718790
109955250
110191720
110428180
110664640
110901100
111137570
111374030
111610490
111846960
112083420
112319880
112556340
112792810
113029270
113265730
113502200
113738660
113975120
114211580
114448050
114684510
114920970
115157440
115393900
115630360
115866820
116103290
116339750
116576210
116812680
117049140
117285600
117522070
117758530
117994990
118231450
118467920
118704380
118940840
119177310
119413770
119650230
119886690
120123160
120359620
120596080
120832550
121069010
121305470
121541930
121778400
122014860
122251320
122487790
122724250
122960710
123197180
123433640
123670100
123906560
124143030
124379490
124615950
124852420
125088880
125325340
125561800
125798270
126034730
126271190
126507660
126744120
126980580
127217040
127453510
127689970
127926430
128162900
128399360
128635820
128872280
129108750
129345210
129581670
129818140
130054600
130291060
