0.709388720000000
0.733035010000000
0.756681310000000
0.780327600000000
0.803973890000000
0.827620180000000
0.851266470000000
0.874912760000000
0.898559050000000
0.922205340000000
0.945851630000000
0.969497920000000
0.993144210000000
1.01679050000000
1.04043680000000
1.06408310000000
1.08772940000000
1.11137570000000
1.13502200000000
1.15866820000000
1.18231450000000
1.20596080000000
1.22960710000000
1.25325340000000
1.27689970000000
1.30054600000000
1.32419230000000
1.34783860000000
1.37148490000000
1.39513120000000
1.41877740000000
1.44242370000000
1.46607000000000
1.48971630000000
1.51336260000000
1.53700890000000
1.56065520000000
1.58430150000000
1.60794780000000
1.63159410000000
1.65524040000000
1.67888660000000
1.70253290000000
1.72617920000000
1.74982550000000
1.77347180000000
1.79711810000000
1.82076440000000
1.84441070000000
1.86805700000000
1.89170330000000
1.91534960000000
1.93899580000000
1.96264210000000
1.98628840000000
2.00993470000000
2.03358100000000
2.05722730000000
2.08087360000000
2.10451990000000
2.12816620000000
2.15181250000000
2.17545880000000
2.19910500000000
2.22275130000000
2.24639760000000
2.27004390000000
2.29369020000000
2.31733650000000
2.34098280000000
2.36462910000000
2.38827540000000
2.41192170000000
2.43556800000000
2.45921420000000
2.48286050000000
2.50650680000000
2.53015310000000
2.55379940000000
2.57744570000000
2.60109200000000
2.62473830000000
2.64838460000000
2.67203090000000
2.69567720000000
2.71932340000000
2.74296970000000
2.76661600000000
2.79026230000000
2.81390860000000
2.83755490000000
2.86120120000000
2.88484750000000
2.90849380000000
2.93214010000000
2.95578640000000
2.97943260000000
3.00307890000000
3.02672520000000
3.05037150000000
3.07401780000000
3.09766410000000
3.12131040000000
3.14495670000000
3.16860300000000
3.19224930000000
3.21589550000000
3.23954180000000
3.26318810000000
3.28683440000000
3.31048070000000
3.33412700000000
3.35777330000000
3.38141960000000
3.40506590000000
3.42871220000000
3.45235850000000
3.47600470000000
3.49965100000000
3.52329730000000
3.54694360000000
3.57058990000000
3.59423620000000
3.61788250000000
3.64152880000000
3.66517510000000
3.68882140000000
3.71246770000000
3.73611390000000
3.75976020000000
3.78340650000000
3.80705280000000
3.83069910000000
3.85434540000000
3.87799170000000
3.90163800000000
3.92528430000000
3.94893060000000
3.97257690000000
3.99622310000000
4.01986940000000
4.04351570000000
4.06716200000000
4.09080830000000
4.11445460000000
4.13810090000000
4.16174720000000
4.18539350000000
4.20903980000000
4.23268610000000
4.25633230000000
4.27997860000000
4.30362490000000
4.32727120000000
4.35091750000000
4.37456380000000
4.39821010000000
4.42185640000000
4.44550270000000
4.46914900000000
4.49279530000000
4.51644150000000
4.54008780000000
4.56373410000000
4.58738040000000
4.61102670000000
4.63467300000000
4.65831930000000
4.68196560000000
4.70561190000000
4.72925820000000
4.75290450000000
4.77655070000000
4.80019700000000
4.82384330000000
4.84748960000000
4.87113590000000
4.89478220000000
4.91842850000000
4.94207480000000
4.96572110000000
4.98936740000000
5.01301370000000
5.03665990000000
5.06030620000000
5.08395250000000
5.10759880000000
5.13124510000000
5.15489140000000
5.17853770000000
5.20218400000000
5.22583030000000
5.24947660000000
5.27312280000000
5.29676910000000
5.32041540000000
5.34406170000000
5.36770800000000
5.39135430000000
5.41500060000000
5.43864690000000
5.46229320000000
5.48593950000000
5.50958580000000
5.53323200000000
5.55687830000000
5.58052460000000
5.60417090000000
5.62781720000000
5.65146350000000
5.67510980000000
5.69875610000000
5.72240240000000
5.74604870000000
5.76969500000000
5.79334120000000
5.81698750000000
5.84063380000000
5.86428010000000
5.88792640000000
5.91157270000000
5.93521900000000
5.95886530000000
5.98251160000000
6.00615790000000
6.02980420000000
6.05345040000000
6.07709670000000
6.10074300000000
6.12438930000000
6.14803560000000
6.17168190000000
6.19532820000000
6.21897450000000
6.24262080000000
6.26626710000000
6.28991340000000
6.31355960000000
6.33720590000000
6.36085220000000
6.38449850000000
6.40814480000000
6.43179110000000
6.45543740000000
6.47908370000000
6.50273000000000
6.52637630000000
6.55002260000000
6.57366880000000
6.59731510000000
6.62096140000000
6.64460770000000
6.66825400000000
6.69190030000000
6.71554660000000
6.73919290000000
6.76283920000000
6.78648550000000
6.81013180000000
6.83377800000000
6.85742430000000
6.88107060000000
6.90471690000000
6.92836320000000
6.95200950000000
6.97565580000000
6.99930210000000
7.02294840000000
7.04659470000000
7.07024090000000
7.09388720000000
7.11753350000000
7.14117980000000
7.16482610000000
7.18847240000000
7.21211870000000
7.23576500000000
7.25941130000000
7.28305760000000
7.30670390000000
7.33035010000000
7.35399640000000
7.37764270000000
7.40128900000000
7.42493530000000
7.44858160000000
7.47222790000000
7.49587420000000
7.51952050000000
7.54316680000000
7.56681310000000
7.59045930000000
7.61410560000000
7.63775190000000
7.66139820000000
7.68504450000000
7.70869080000000
7.73233710000000
7.75598340000000
7.77962970000000
7.80327600000000
7.82692230000000
7.85056850000000
7.87421480000000
7.89786110000000
7.92150740000000
7.94515370000000
7.96880000000000
7.99244630000000
8.01609260000000
8.03973890000000
8.06338520000000
8.08703150000000
8.11067770000000
8.13432400000000
8.15797030000000
8.18161660000000
8.20526290000000
8.22890920000000
8.25255550000000
8.27620180000000
8.29984810000000
8.32349440000000
8.34714070000000
8.37078690000000
8.39443320000000
8.41807950000000
8.44172580000000
8.46537210000000
8.48901840000000
8.51266470000000
8.53631100000000
8.55995730000000
8.58360360000000
8.60724990000000
8.63089610000000
8.65454240000000
8.67818870000000
8.70183500000000
8.72548130000000
8.74912760000000
8.77277390000000
8.79642020000000
8.82006650000000
8.84371280000000
8.86735910000000
8.89100530000000
8.91465160000000
8.93829790000000
8.96194420000000
8.98559050000000
9.00923680000000
9.03288310000000
9.05652940000000
9.08017570000000
9.10382200000000
9.12746820000000
9.15111450000000
9.17476080000000
9.19840710000000
9.22205340000000
9.24569970000000
9.26934600000000
9.29299230000000
9.31663860000000
9.34028490000000
9.36393120000000
9.38757740000000
9.41122370000000
9.43487000000000
9.45851630000000
9.48216260000000
9.50580890000000
9.52945520000000
9.55310150000000
9.57674780000000
9.60039410000000
9.62404040000000
9.64768660000000
9.67133290000000
9.69497920000000
9.71862550000000
9.74227180000000
9.76591810000000
9.78956440000000
9.81321070000000
9.83685700000000
9.86050330000000
9.88414960000000
9.90779580000000
9.93144210000000
9.95508840000000
9.97873470000000
10.0023810000000
10.0260270000000
10.0496740000000
10.0733200000000
10.0969660000000
10.1206120000000
10.1442590000000
10.1679050000000
10.1915510000000
10.2151980000000
10.2388440000000
10.2624900000000
10.2861360000000
10.3097830000000
10.3334290000000
10.3570750000000
10.3807220000000
10.4043680000000
10.4280140000000
10.4516610000000
10.4753070000000
10.4989530000000
10.5225990000000
10.5462460000000
10.5698920000000
10.5935380000000
10.6171850000000
10.6408310000000
10.6644770000000
10.6881230000000
10.7117700000000
10.7354160000000
10.7590620000000
10.7827090000000
10.8063550000000
10.8300010000000
10.8536470000000
10.8772940000000
10.9009400000000
10.9245860000000
10.9482330000000
10.9718790000000
10.9955250000000
11.0191720000000
11.0428180000000
11.0664640000000
11.0901100000000
11.1137570000000
11.1374030000000
11.1610490000000
11.1846960000000
11.2083420000000
11.2319880000000
11.2556340000000
11.2792810000000
11.3029270000000
11.3265730000000
11.3502200000000
11.3738660000000
11.3975120000000
11.4211580000000
11.4448050000000
11.4684510000000
11.4920970000000
11.5157440000000
11.5393900000000
11.5630360000000
11.5866820000000
11.6103290000000
11.6339750000000
11.6576210000000
11.6812680000000
11.7049140000000
11.7285600000000
11.7522070000000
11.7758530000000
11.7994990000000
11.8231450000000
11.8467920000000
11.8704380000000
11.8940840000000
11.9177310000000
11.9413770000000
11.9650230000000
11.9886690000000
12.0123160000000
12.0359620000000
12.0596080000000
12.0832550000000
12.1069010000000
12.1305470000000
12.1541930000000
12.1778400000000
12.2014860000000
12.2251320000000
12.2487790000000
12.2724250000000
12.2960710000000
12.3197180000000
12.3433640000000
12.3670100000000
12.3906560000000
12.4143030000000
12.4379490000000
12.4615950000000
12.4852420000000
12.5088880000000
12.5325340000000
12.5561800000000
12.5798270000000
12.6034730000000
12.6271190000000
12.6507660000000
12.6744120000000
12.6980580000000
12.7217040000000
12.7453510000000
12.7689970000000
12.7926430000000
12.8162900000000
12.8399360000000
12.8635820000000
12.8872280000000
12.9108750000000
12.9345210000000
12.9581670000000
12.9818140000000
13.0054600000000
13.0291060000000
13.0054600000000
13.2419230000000
13.4783860000000
13.7148490000000
13.9513120000000
14.1877740000000
14.4242370000000
14.6607000000000
14.8971630000000
15.1336260000000
15.3700890000000
15.6065520000000
15.8430150000000
16.0794780000000
16.3159410000000
16.5524040000000
16.7888660000000
17.0253290000000
17.2617920000000
17.4982550000000
17.7347180000000
17.9711810000000
18.2076440000000
18.4441070000000
18.6805700000000
18.9170330000000
19.1534960000000
19.3899580000000
19.6264210000000
19.8628840000000
20.0993470000000
20.3358100000000
20.5722730000000
20.8087360000000
21.0451990000000
21.2816620000000
21.5181250000000
21.7545880000000
21.9910500000000
22.2275130000000
22.4639760000000
22.7004390000000
22.9369020000000
23.1733650000000
23.4098280000000
23.6462910000000
23.8827540000000
24.1192170000000
24.3556800000000
24.5921420000000
24.8286050000000
25.0650680000000
25.3015310000000
25.5379940000000
25.7744570000000
26.0109200000000
26.2473830000000
26.4838460000000
26.7203090000000
26.9567720000000
27.1932340000000
27.4296970000000
27.6661600000000
27.9026230000000
28.1390860000000
28.3755490000000
28.6120120000000
28.8484750000000
29.0849380000000
29.3214010000000
29.5578640000000
29.7943260000000
30.0307890000000
30.2672520000000
30.5037150000000
30.7401780000000
30.9766410000000
31.2131040000000
31.4495670000000
31.6860300000000
31.9224930000000
32.1589550000000
32.3954180000000
32.6318810000000
32.8683440000000
33.1048070000000
33.3412700000000
33.5777330000000
33.8141960000000
34.0506590000000
34.2871220000000
34.5235850000000
34.7600470000000
34.9965100000000
35.2329730000000
35.4694360000000
35.7058990000000
35.9423620000000
36.1788250000000
36.4152880000000
36.6517510000000
36.8882140000000
37.1246770000000
37.3611390000000
37.5976020000000
37.8340650000000
38.0705280000000
38.3069910000000
38.5434540000000
38.7799170000000
39.0163800000000
39.2528430000000
39.4893060000000
39.7257690000000
39.9622310000000
40.1986940000000
40.4351570000000
40.6716200000000
40.9080830000000
41.1445460000000
41.3810090000000
41.6174720000000
41.8539350000000
42.0903980000000
42.3268610000000
42.5633230000000
42.7997860000000
43.0362490000000
43.2727120000000
43.5091750000000
43.7456380000000
43.9821010000000
44.2185640000000
44.4550270000000
44.6914900000000
44.9279530000000
45.1644150000000
45.4008780000000
45.6373410000000
45.8738040000000
46.1102670000000
46.3467300000000
46.5831930000000
46.8196560000000
47.0561190000000
47.2925820000000
47.5290450000000
47.7655070000000
48.0019700000000
48.2384330000000
48.4748960000000
48.7113590000000
48.9478220000000
49.1842850000000
49.4207480000000
49.6572110000000
49.8936740000000
50.1301370000000
50.3665990000000
50.6030620000000
50.8395250000000
51.0759880000000
51.3124510000000
51.5489140000000
51.7853770000000
52.0218400000000
52.2583030000000
52.4947660000000
52.7312280000000
52.9676910000000
53.2041540000000
53.4406170000000
53.6770800000000
53.9135430000000
54.1500060000000
54.3864690000000
54.6229320000000
54.8593950000000
55.0958580000000
55.3323200000000
55.5687830000000
55.8052460000000
56.0417090000000
56.2781720000000
56.5146350000000
56.7510980000000
56.9875610000000
57.2240240000000
57.4604870000000
57.6969500000000
57.9334120000000
58.1698750000000
58.4063380000000
58.6428010000000
58.8792640000000
59.1157270000000
59.3521900000000
59.5886530000000
59.8251160000000
60.0615790000000
60.2980420000000
60.5345040000000
60.7709670000000
61.0074300000000
61.2438930000000
61.4803560000000
61.7168190000000
61.9532820000000
62.1897450000000
62.4262080000000
62.6626710000000
62.8991340000000
63.1355960000000
63.3720590000000
63.6085220000000
63.8449850000000
64.0814480000000
64.3179110000000
64.5543740000000
64.7908370000000
65.0273000000000
65.2637630000000
65.5002260000000
65.7366880000000
65.9731510000000
66.2096140000000
66.4460770000000
66.6825400000000
66.9190030000000
67.1554660000000
67.3919290000000
67.6283920000000
67.8648550000000
68.1013180000000
68.3377800000000
68.5742430000000
68.8107060000000
69.0471690000000
69.2836320000000
69.5200950000000
69.7565580000000
69.9930210000000
70.2294840000000
70.4659470000000
70.7024090000000
70.9388720000000
71.1753350000000
71.4117980000000
71.6482610000000
71.8847240000000
72.1211870000000
72.3576500000000
72.5941130000000
72.8305760000000
73.0670390000000
73.3035010000000
73.5399640000000
73.7764270000000
74.0128900000000
74.2493530000000
74.4858160000000
74.7222790000000
74.9587420000000
75.1952050000000
75.4316680000000
75.6681310000000
75.9045930000000
76.1410560000000
76.3775190000000
76.6139820000000
76.8504450000000
77.0869080000000
77.3233710000000
77.5598340000000
77.7962970000000
78.0327600000000
78.2692230000000
78.5056850000000
78.7421480000000
78.9786110000000
79.2150740000000
79.4515370000000
79.6880000000000
79.9244630000000
80.1609260000000
80.3973890000000
80.6338520000000
80.8703150000000
81.1067770000000
81.3432400000000
81.5797030000000
81.8161660000000
82.0526290000000
82.2890920000000
82.5255550000000
82.7620180000000
82.9984810000000
83.2349440000000
83.4714070000000
83.7078690000000
83.9443320000000
84.1807950000000
84.4172580000000
84.6537210000000
84.8901840000000
85.1266470000000
85.3631100000000
85.5995730000000
85.8360360000000
86.0724990000000
86.3089610000000
86.5454240000000
86.7818870000000
87.0183500000000
87.2548130000000
87.4912760000000
87.7277390000000
87.9642020000000
88.2006650000000
88.4371280000000
88.6735910000000
88.9100530000000
89.1465160000000
89.3829790000000
89.6194420000000
89.8559050000000
90.0923680000000
90.3288310000000
90.5652940000000
90.8017570000000
91.0382200000000
91.2746820000000
91.5111450000000
91.7476080000000
91.9840710000000
92.2205340000000
92.4569970000000
92.6934600000000
92.9299230000000
93.1663860000000
93.4028490000000
93.6393120000000
93.8757740000000
94.1122370000000
94.3487000000000
94.5851630000000
94.8216260000000
95.0580890000000
95.2945520000000
95.5310150000000
95.7674780000000
96.0039410000000
96.2404040000000
96.4768660000000
96.7133290000000
96.9497920000000
97.1862550000000
97.4227180000000
97.6591810000000
97.8956440000000
98.1321070000000
98.3685700000000
98.6050330000000
98.8414960000000
99.0779580000000
99.3144210000000
99.5508840000000
99.7873470000000
100.023810000000
100.260270000000
100.496740000000
100.733200000000
100.969660000000
101.206120000000
101.442590000000
101.679050000000
101.915510000000
102.151980000000
102.388440000000
102.624900000000
102.861360000000
103.097830000000
103.334290000000
103.570750000000
103.807220000000
104.043680000000
104.280140000000
104.516610000000
104.753070000000
104.989530000000
105.225990000000
105.462460000000
105.698920000000
105.935380000000
106.171850000000
106.408310000000
106.644770000000
106.881230000000
107.117700000000
107.354160000000
107.590620000000
107.827090000000
108.063550000000
108.300010000000
108.536470000000
108.772940000000
109.009400000000
109.245860000000
109.482330000000
109.718790000000
109.955250000000
110.191720000000
110.428180000000
110.664640000000
110.901100000000
111.137570000000
111.374030000000
111.610490000000
111.846960000000
112.083420000000
112.319880000000
112.556340000000
112.792810000000
113.029270000000
113.265730000000
113.502200000000
113.738660000000
113.975120000000
114.211580000000
114.448050000000
114.684510000000
114.920970000000
115.157440000000
115.393900000000
115.630360000000
115.866820000000
116.103290000000
116.339750000000
116.576210000000
116.812680000000
117.049140000000
117.285600000000
117.522070000000
117.758530000000
117.994990000000
118.231450000000
118.467920000000
118.704380000000
118.940840000000
119.177310000000
119.413770000000
119.650230000000
119.886690000000
120.123160000000
120.359620000000
120.596080000000
120.832550000000
121.069010000000
121.305470000000
121.541930000000
121.778400000000
122.014860000000
122.251320000000
122.487790000000
122.724250000000
122.960710000000
123.197180000000
123.433640000000
123.670100000000
123.906560000000
124.143030000000
124.379490000000
124.615950000000
124.852420000000
125.088880000000
125.325340000000
125.561800000000
125.798270000000
126.034730000000
126.271190000000
126.507660000000
126.744120000000
126.980580000000
127.217040000000
127.453510000000
127.689970000000
127.926430000000
128.162900000000
128.399360000000
128.635820000000
128.872280000000
129.108750000000
129.345210000000
129.581670000000
129.818140000000
130.054600000000
130.291060000000
130.054600000000
132.419230000000
134.783860000000
137.148490000000
139.513120000000
141.877740000000
144.242370000000
146.607000000000
148.971630000000
151.336260000000
153.700890000000
156.065520000000
158.430150000000
160.794780000000
163.159410000000
165.524040000000
167.888660000000
170.253290000000
172.617920000000
174.982550000000
177.347180000000
179.711810000000
182.076440000000
184.441070000000
186.805700000000
189.170330000000
191.534960000000
193.899580000000
196.264210000000
198.628840000000
200.993470000000
203.358100000000
205.722730000000
208.087360000000
210.451990000000
212.816620000000
215.181250000000
217.545880000000
219.910500000000
222.275130000000
224.639760000000
227.004390000000
229.369020000000
231.733650000000
234.098280000000
236.462910000000
238.827540000000
241.192170000000
243.556800000000
245.921420000000
248.286050000000
250.650680000000
253.015310000000
255.379940000000
257.744570000000
260.109200000000
262.473830000000
264.838460000000
267.203090000000
269.567720000000
271.932340000000
274.296970000000
276.661600000000
279.026230000000
281.390860000000
283.755490000000
286.120120000000
288.484750000000
290.849380000000
293.214010000000
295.578640000000
297.943260000000
300.307890000000
302.672520000000
305.037150000000
307.401780000000
309.766410000000
312.131040000000
314.495670000000
316.860300000000
319.224930000000
321.589550000000
323.954180000000
326.318810000000
328.683440000000
331.048070000000
333.412700000000
335.777330000000
338.141960000000
340.506590000000
342.871220000000
345.235850000000
347.600470000000
349.965100000000
352.329730000000
354.694360000000
357.058990000000
359.423620000000
361.788250000000
364.152880000000
366.517510000000
368.882140000000
371.246770000000
373.611390000000
375.976020000000
378.340650000000
380.705280000000
383.069910000000
385.434540000000
387.799170000000
390.163800000000
392.528430000000
394.893060000000
397.257690000000
399.622310000000
401.986940000000
404.351570000000
406.716200000000
409.080830000000
411.445460000000
413.810090000000
416.174720000000
418.539350000000
420.903980000000
423.268610000000
425.633230000000
427.997860000000
430.362490000000
432.727120000000
435.091750000000
437.456380000000
439.821010000000
442.185640000000
444.550270000000
446.914900000000
449.279530000000
451.644150000000
454.008780000000
456.373410000000
458.738040000000
461.102670000000
463.467300000000
465.831930000000
468.196560000000
470.561190000000
472.925820000000
475.290450000000
477.655070000000
480.019700000000
482.384330000000
484.748960000000
487.113590000000
489.478220000000
491.842850000000
494.207480000000
496.572110000000
498.936740000000
501.301370000000
503.665990000000
506.030620000000
508.395250000000
510.759880000000
513.124510000000
515.489140000000
517.853770000000
520.218400000000
522.583030000000
524.947660000000
527.312280000000
529.676910000000
532.041540000000
534.406170000000
536.770800000000
539.135430000000
541.500060000000
543.864690000000
546.229320000000
548.593950000000
550.958580000000
553.323200000000
555.687830000000
558.052460000000
560.417090000000
562.781720000000
565.146350000000
567.510980000000
569.875610000000
572.240240000000
574.604870000000
576.969500000000
579.334120000000
581.698750000000
584.063380000000
586.428010000000
588.792640000000
591.157270000000
593.521900000000
595.886530000000
598.251160000000
600.615790000000
602.980420000000
605.345040000000
607.709670000000
610.074300000000
612.438930000000
614.803560000000
617.168190000000
619.532820000000
621.897450000000
624.262080000000
626.626710000000
628.991340000000
631.355960000000
633.720590000000
636.085220000000
638.449850000000
640.814480000000
643.179110000000
645.543740000000
647.908370000000
650.273000000000
652.637630000000
655.002260000000
657.366880000000
659.731510000000
662.096140000000
664.460770000000
666.825400000000
669.190030000000
671.554660000000
673.919290000000
676.283920000000
678.648550000000
681.013180000000
683.377800000000
685.742430000000
688.107060000000
690.471690000000
692.836320000000
695.200950000000
697.565580000000
699.930210000000
702.294840000000
704.659470000000
707.024090000000
709.388720000000
711.753350000000
714.117980000000
716.482610000000
718.847240000000
721.211870000000
723.576500000000
725.941130000000
728.305760000000
730.670390000000
733.035010000000
735.399640000000
737.764270000000
740.128900000000
742.493530000000
744.858160000000
747.222790000000
749.587420000000
751.952050000000
754.316680000000
756.681310000000
759.045930000000
761.410560000000
763.775190000000
766.139820000000
768.504450000000
770.869080000000
773.233710000000
775.598340000000
777.962970000000
780.327600000000
782.692230000000
785.056850000000
787.421480000000
789.786110000000
792.150740000000
794.515370000000
796.880000000000
799.244630000000
801.609260000000
803.973890000000
806.338520000000
808.703150000000
811.067770000000
813.432400000000
815.797030000000
818.161660000000
820.526290000000
822.890920000000
825.255550000000
827.620180000000
829.984810000000
832.349440000000
834.714070000000
837.078690000000
839.443320000000
841.807950000000
844.172580000000
846.537210000000
848.901840000000
851.266470000000
853.631100000000
855.995730000000
858.360360000000
860.724990000000
863.089610000000
865.454240000000
867.818870000000
870.183500000000
872.548130000000
874.912760000000
877.277390000000
879.642020000000
882.006650000000
884.371280000000
886.735910000000
889.100530000000
891.465160000000
893.829790000000
896.194420000000
898.559050000000
900.923680000000
903.288310000000
905.652940000000
908.017570000000
910.382200000000
912.746820000000
915.111450000000
917.476080000000
919.840710000000
922.205340000000
924.569970000000
926.934600000000
929.299230000000
931.663860000000
934.028490000000
936.393120000000
938.757740000000
941.122370000000
943.487000000000
945.851630000000
948.216260000000
950.580890000000
952.945520000000
955.310150000000
957.674780000000
960.039410000000
962.404040000000
964.768660000000
967.133290000000
969.497920000000
971.862550000000
974.227180000000
976.591810000000
978.956440000000
981.321070000000
983.685700000000
986.050330000000
988.414960000000
990.779580000000
993.144210000000
995.508840000000
997.873470000000
1000.23810000000
1002.60270000000
1004.96740000000
1007.33200000000
1009.69660000000
1012.06120000000
1014.42590000000
1016.79050000000
1019.15510000000
1021.51980000000
1023.88440000000
1026.24900000000
1028.61360000000
1030.97830000000
1033.34290000000
1035.70750000000
1038.07220000000
1040.43680000000
1042.80140000000
1045.16610000000
1047.53070000000
1049.89530000000
1052.25990000000
1054.62460000000
1056.98920000000
1059.35380000000
1061.71850000000
1064.08310000000
1066.44770000000
1068.81230000000
1071.17700000000
1073.54160000000
1075.90620000000
1078.27090000000
1080.63550000000
1083.00010000000
1085.36470000000
1087.72940000000
1090.09400000000
1092.45860000000
1094.82330000000
1097.18790000000
1099.55250000000
1101.91720000000
1104.28180000000
1106.64640000000
1109.01100000000
1111.37570000000
1113.74030000000
1116.10490000000
1118.46960000000
1120.83420000000
1123.19880000000
1125.56340000000
1127.92810000000
1130.29270000000
1132.65730000000
1135.02200000000
1137.38660000000
1139.75120000000
1142.11580000000
1144.48050000000
1146.84510000000
1149.20970000000
1151.57440000000
1153.93900000000
1156.30360000000
1158.66820000000
1161.03290000000
1163.39750000000
1165.76210000000
1168.12680000000
1170.49140000000
1172.85600000000
1175.22070000000
1177.58530000000
1179.94990000000
1182.31450000000
1184.67920000000
1187.04380000000
1189.40840000000
1191.77310000000
1194.13770000000
1196.50230000000
1198.86690000000
1201.23160000000
1203.59620000000
1205.96080000000
1208.32550000000
1210.69010000000
1213.05470000000
1215.41930000000
1217.78400000000
1220.14860000000
1222.51320000000
1224.87790000000
1227.24250000000
1229.60710000000
1231.97180000000
1234.33640000000
1236.70100000000
1239.06560000000
1241.43030000000
1243.79490000000
1246.15950000000
1248.52420000000
1250.88880000000
1253.25340000000
1255.61800000000
1257.98270000000
1260.34730000000
1262.71190000000
1265.07660000000
1267.44120000000
1269.80580000000
1272.17040000000
1274.53510000000
1276.89970000000
1279.26430000000
1281.62900000000
1283.99360000000
1286.35820000000
1288.72280000000
1291.08750000000
1293.45210000000
1295.81670000000
1298.18140000000
1300.54600000000
1302.91060000000
1300.54600000000
1324.19230000000
1347.83860000000
1371.48490000000
1395.13120000000
1418.77740000000
1442.42370000000
1466.07000000000
1489.71630000000
1513.36260000000
1537.00890000000
1560.65520000000
1584.30150000000
1607.94780000000
1631.59410000000
1655.24040000000
1678.88660000000
1702.53290000000
1726.17920000000
1749.82550000000
1773.47180000000
1797.11810000000
1820.76440000000
1844.41070000000
1868.05700000000
1891.70330000000
1915.34960000000
1938.99580000000
1962.64210000000
1986.28840000000
2009.93470000000
2033.58100000000
2057.22730000000
2080.87360000000
2104.51990000000
2128.16620000000
2151.81250000000
2175.45880000000
2199.10500000000
2222.75130000000
2246.39760000000
2270.04390000000
2293.69020000000
2317.33650000000
2340.98280000000
2364.62910000000
2388.27540000000
2411.92170000000
2435.56800000000
2459.21420000000
2482.86050000000
2506.50680000000
2530.15310000000
2553.79940000000
2577.44570000000
2601.09200000000
2624.73830000000
2648.38460000000
2672.03090000000
2695.67720000000
2719.32340000000
2742.96970000000
2766.61600000000
2790.26230000000
2813.90860000000
2837.55490000000
2861.20120000000
2884.84750000000
2908.49380000000
2932.14010000000
2955.78640000000
2979.43260000000
3003.07890000000
3026.72520000000
3050.37150000000
3074.01780000000
3097.66410000000
3121.31040000000
3144.95670000000
3168.60300000000
3192.24930000000
3215.89550000000
3239.54180000000
3263.18810000000
3286.83440000000
3310.48070000000
3334.12700000000
3357.77330000000
3381.41960000000
3405.06590000000
3428.71220000000
3452.35850000000
3476.00470000000
3499.65100000000
3523.29730000000
3546.94360000000
3570.58990000000
3594.23620000000
3617.88250000000
3641.52880000000
3665.17510000000
3688.82140000000
3712.46770000000
3736.11390000000
3759.76020000000
3783.40650000000
3807.05280000000
3830.69910000000
3854.34540000000
3877.99170000000
3901.63800000000
3925.28430000000
3948.93060000000
3972.57690000000
3996.22310000000
4019.86940000000
4043.51570000000
4067.16200000000
4090.80830000000
4114.45460000000
4138.10090000000
4161.74720000000
4185.39350000000
4209.03980000000
4232.68610000000
4256.33230000000
4279.97860000000
4303.62490000000
4327.27120000000
4350.91750000000
4374.56380000000
4398.21010000000
4421.85640000000
4445.50270000000
4469.14900000000
4492.79530000000
4516.44150000000
4540.08780000000
4563.73410000000
4587.38040000000
4611.02670000000
4634.67300000000
4658.31930000000
4681.96560000000
4705.61190000000
4729.25820000000
4752.90450000000
4776.55070000000
4800.19700000000
4823.84330000000
4847.48960000000
4871.13590000000
4894.78220000000
4918.42850000000
4942.07480000000
4965.72110000000
4989.36740000000
5013.01370000000
5036.65990000000
5060.30620000000
5083.95250000000
5107.59880000000
5131.24510000000
5154.89140000000
5178.53770000000
5202.18400000000
5225.83030000000
5249.47660000000
5273.12280000000
5296.76910000000
5320.41540000000
5344.06170000000
5367.70800000000
5391.35430000000
5415.00060000000
5438.64690000000
5462.29320000000
5485.93950000000
5509.58580000000
5533.23200000000
5556.87830000000
5580.52460000000
5604.17090000000
5627.81720000000
5651.46350000000
5675.10980000000
5698.75610000000
5722.40240000000
5746.04870000000
5769.69500000000
5793.34120000000
5816.98750000000
5840.63380000000
5864.28010000000
5887.92640000000
5911.57270000000
5935.21900000000
5958.86530000000
5982.51160000000
6006.15790000000
6029.80420000000
6053.45040000000
6077.09670000000
6100.74300000000
6124.38930000000
6148.03560000000
6171.68190000000
6195.32820000000
6218.97450000000
6242.62080000000
6266.26710000000
6289.91340000000
6313.55960000000
6337.20590000000
6360.85220000000
6384.49850000000
6408.14480000000
6431.79110000000
6455.43740000000
6479.08370000000
6502.73000000000
6526.37630000000
6550.02260000000
6573.66880000000
6597.31510000000
6620.96140000000
6644.60770000000
6668.25400000000
6691.90030000000
6715.54660000000
6739.19290000000
6762.83920000000
6786.48550000000
6810.13180000000
6833.77800000000
6857.42430000000
6881.07060000000
6904.71690000000
6928.36320000000
6952.00950000000
6975.65580000000
6999.30210000000
7022.94840000000
7046.59470000000
7070.24090000000
7093.88720000000
7117.53350000000
7141.17980000000
7164.82610000000
7188.47240000000
7212.11870000000
7235.76500000000
7259.41130000000
7283.05760000000
7306.70390000000
7330.35010000000
7353.99640000000
7377.64270000000
7401.28900000000
7424.93530000000
7448.58160000000
7472.22790000000
7495.87420000000
7519.52050000000
7543.16680000000
7566.81310000000
7590.45930000000
7614.10560000000
7637.75190000000
7661.39820000000
7685.04450000000
7708.69080000000
7732.33710000000
7755.98340000000
7779.62970000000
7803.27600000000
7826.92230000000
7850.56850000000
7874.21480000000
7897.86110000000
7921.50740000000
7945.15370000000
7968.80000000000
7992.44630000000
8016.09260000000
8039.73890000000
8063.38520000000
8087.03150000000
8110.67770000000
8134.32400000000
8157.97030000000
8181.61660000000
8205.26290000000
8228.90920000000
8252.55550000000
8276.20180000000
8299.84810000000
8323.49440000000
8347.14070000000
8370.78690000000
8394.43320000000
8418.07950000000
8441.72580000000
8465.37210000000
8489.01840000000
8512.66470000000
8536.31100000000
8559.95730000000
8583.60360000000
8607.24990000000
8630.89610000000
8654.54240000000
8678.18870000000
8701.83500000000
8725.48130000000
8749.12760000000
8772.77390000000
8796.42020000000
8820.06650000000
8843.71280000000
8867.35910000000
8891.00530000000
8914.65160000000
8938.29790000000
8961.94420000000
8985.59050000000
9009.23680000000
9032.88310000000
9056.52940000000
9080.17570000000
9103.82200000000
9127.46820000000
9151.11450000000
9174.76080000000
9198.40710000000
9222.05340000000
9245.69970000000
9269.34600000000
9292.99230000000
9316.63860000000
9340.28490000000
9363.93120000000
9387.57740000000
9411.22370000000
9434.87000000000
9458.51630000000
9482.16260000000
9505.80890000000
9529.45520000000
9553.10150000000
9576.74780000000
9600.39410000000
9624.04040000000
9647.68660000000
9671.33290000000
9694.97920000000
9718.62550000000
9742.27180000000
9765.91810000000
9789.56440000000
9813.21070000000
9836.85700000000
9860.50330000000
9884.14960000000
9907.79580000000
9931.44210000000
9955.08840000000
9978.73470000000
10002.3810000000
10026.0270000000
10049.6740000000
10073.3200000000
10096.9660000000
10120.6120000000
10144.2590000000
10167.9050000000
10191.5510000000
10215.1980000000
10238.8440000000
10262.4900000000
10286.1360000000
10309.7830000000
10333.4290000000
10357.0750000000
10380.7220000000
10404.3680000000
10428.0140000000
10451.6610000000
10475.3070000000
10498.9530000000
10522.5990000000
10546.2460000000
10569.8920000000
10593.5380000000
10617.1850000000
10640.8310000000
10664.4770000000
10688.1230000000
10711.7700000000
10735.4160000000
10759.0620000000
10782.7090000000
10806.3550000000
10830.0010000000
10853.6470000000
10877.2940000000
10900.9400000000
10924.5860000000
10948.2330000000
10971.8790000000
10995.5250000000
11019.1720000000
11042.8180000000
11066.4640000000
11090.1100000000
11113.7570000000
11137.4030000000
11161.0490000000
11184.6960000000
11208.3420000000
11231.9880000000
11255.6340000000
11279.2810000000
11302.9270000000
11326.5730000000
11350.2200000000
11373.8660000000
11397.5120000000
11421.1580000000
11444.8050000000
11468.4510000000
11492.0970000000
11515.7440000000
11539.3900000000
11563.0360000000
11586.6820000000
11610.3290000000
11633.9750000000
11657.6210000000
11681.2680000000
11704.9140000000
11728.5600000000
11752.2070000000
11775.8530000000
11799.4990000000
11823.1450000000
11846.7920000000
11870.4380000000
11894.0840000000
11917.7310000000
11941.3770000000
11965.0230000000
11988.6690000000
12012.3160000000
12035.9620000000
12059.6080000000
12083.2550000000
12106.9010000000
12130.5470000000
12154.1930000000
12177.8400000000
12201.4860000000
12225.1320000000
12248.7790000000
12272.4250000000
12296.0710000000
12319.7180000000
12343.3640000000
12367.0100000000
12390.6560000000
12414.3030000000
12437.9490000000
12461.5950000000
12485.2420000000
12508.8880000000
12532.5340000000
12556.1800000000
12579.8270000000
12603.4730000000
12627.1190000000
12650.7660000000
12674.4120000000
12698.0580000000
12721.7040000000
12745.3510000000
12768.9970000000
12792.6430000000
12816.2900000000
12839.9360000000
12863.5820000000
12887.2280000000
12910.8750000000
12934.5210000000
12958.1670000000
12981.8140000000
13005.4600000000
13029.1060000000
13005.4600000000
13241.9230000000
13478.3860000000
13714.8490000000
13951.3120000000
14187.7740000000
14424.2370000000
14660.7000000000
14897.1630000000
15133.6260000000
15370.0890000000
15606.5520000000
15843.0150000000
16079.4780000000
16315.9410000000
16552.4040000000
16788.8660000000
17025.3290000000
17261.7920000000
17498.2550000000
17734.7180000000
17971.1810000000
18207.6440000000
18444.1070000000
18680.5700000000
18917.0330000000
19153.4960000000
19389.9580000000
19626.4210000000
19862.8840000000
20099.3470000000
20335.8100000000
20572.2730000000
20808.7360000000
21045.1990000000
21281.6620000000
21518.1250000000
21754.5880000000
21991.0500000000
22227.5130000000
22463.9760000000
22700.4390000000
22936.9020000000
23173.3650000000
23409.8280000000
23646.2910000000
23882.7540000000
24119.2170000000
24355.6800000000
24592.1420000000
24828.6050000000
25065.0680000000
25301.5310000000
25537.9940000000
25774.4570000000
26010.9200000000
26247.3830000000
26483.8460000000
26720.3090000000
26956.7720000000
27193.2340000000
27429.6970000000
27666.1600000000
27902.6230000000
28139.0860000000
28375.5490000000
28612.0120000000
28848.4750000000
29084.9380000000
29321.4010000000
29557.8640000000
29794.3260000000
30030.7890000000
30267.2520000000
30503.7150000000
30740.1780000000
30976.6410000000
31213.1040000000
31449.5670000000
31686.0300000000
31922.4930000000
32158.9550000000
32395.4180000000
32631.8810000000
32868.3440000000
33104.8070000000
33341.2700000000
33577.7330000000
33814.1960000000
34050.6590000000
34287.1220000000
34523.5850000000
34760.0470000000
34996.5100000000
35232.9730000000
35469.4360000000
35705.8990000000
35942.3620000000
36178.8250000000
36415.2880000000
36651.7510000000
36888.2140000000
37124.6770000000
37361.1390000000
37597.6020000000
37834.0650000000
38070.5280000000
38306.9910000000
38543.4540000000
38779.9170000000
39016.3800000000
39252.8430000000
39489.3060000000
39725.7690000000
39962.2310000000
40198.6940000000
40435.1570000000
40671.6200000000
40908.0830000000
41144.5460000000
41381.0090000000
41617.4720000000
41853.9350000000
42090.3980000000
42326.8610000000
42563.3230000000
42799.7860000000
43036.2490000000
43272.7120000000
43509.1750000000
43745.6380000000
43982.1010000000
44218.5640000000
44455.0270000000
44691.4900000000
44927.9530000000
45164.4150000000
45400.8780000000
45637.3410000000
45873.8040000000
46110.2670000000
46346.7300000000
46583.1930000000
46819.6560000000
47056.1190000000
47292.5820000000
47529.0450000000
47765.5070000000
48001.9700000000
48238.4330000000
48474.8960000000
48711.3590000000
48947.8220000000
49184.2850000000
49420.7480000000
49657.2110000000
49893.6740000000
50130.1370000000
50366.5990000000
50603.0620000000
50839.5250000000
51075.9880000000
51312.4510000000
51548.9140000000
51785.3770000000
52021.8400000000
52258.3030000000
52494.7660000000
52731.2280000000
52967.6910000000
53204.1540000000
53440.6170000000
53677.0800000000
53913.5430000000
54150.0060000000
54386.4690000000
54622.9320000000
54859.3950000000
55095.8580000000
55332.3200000000
55568.7830000000
55805.2460000000
56041.7090000000
56278.1720000000
56514.6350000000
56751.0980000000
56987.5610000000
57224.0240000000
57460.4870000000
57696.9500000000
57933.4120000000
58169.8750000000
58406.3380000000
58642.8010000000
58879.2640000000
59115.7270000000
59352.1900000000
59588.6530000000
59825.1160000000
60061.5790000000
60298.0420000000
60534.5040000000
60770.9670000000
61007.4300000000
61243.8930000000
61480.3560000000
61716.8190000000
61953.2820000000
62189.7450000000
62426.2080000000
62662.6710000000
62899.1340000000
63135.5960000000
63372.0590000000
63608.5220000000
63844.9850000000
64081.4480000000
64317.9110000000
64554.3740000000
64790.8370000000
65027.3000000000
65263.7630000000
65500.2260000000
65736.6880000000
65973.1510000000
66209.6140000000
66446.0770000000
66682.5400000000
66919.0030000000
67155.4660000000
67391.9290000000
67628.3920000000
67864.8550000000
68101.3180000000
68337.7800000000
68574.2430000000
68810.7060000000
69047.1690000000
69283.6320000000
69520.0950000000
69756.5580000000
69993.0210000000
70229.4840000000
70465.9470000000
70702.4090000000
70938.8720000000
71175.3350000000
71411.7980000000
71648.2610000000
71884.7240000000
72121.1870000000
72357.6500000000
72594.1130000000
72830.5760000000
73067.0390000000
73303.5010000000
73539.9640000000
73776.4270000000
74012.8900000000
74249.3530000000
74485.8160000000
74722.2790000000
74958.7420000000
75195.2050000000
75431.6680000000
75668.1310000000
75904.5930000000
76141.0560000000
76377.5190000000
76613.9820000000
76850.4450000000
77086.9080000000
77323.3710000000
77559.8340000000
77796.2970000000
78032.7600000000
78269.2230000000
78505.6850000000
78742.1480000000
78978.6110000000
79215.0740000000
79451.5370000000
79688
79924.4630000000
80160.9260000000
80397.3890000000
80633.8520000000
80870.3150000000
81106.7770000000
81343.2400000000
81579.7030000000
81816.1660000000
82052.6290000000
82289.0920000000
82525.5550000000
82762.0180000000
82998.4810000000
83234.9440000000
83471.4070000000
83707.8690000000
83944.3320000000
84180.7950000000
84417.2580000000
84653.7210000000
84890.1840000000
85126.6470000000
85363.1100000000
85599.5730000000
85836.0360000000
86072.4990000000
86308.9610000000
86545.4240000000
86781.8870000000
87018.3500000000
87254.8130000000
87491.2760000000
87727.7390000000
87964.2020000000
88200.6650000000
88437.1280000000
88673.5910000000
88910.0530000000
89146.5160000000
89382.9790000000
89619.4420000000
89855.9050000000
90092.3680000000
90328.8310000000
90565.2940000000
90801.7570000000
91038.2200000000
91274.6820000000
91511.1450000000
91747.6080000000
91984.0710000000
92220.5340000000
92456.9970000000
92693.4600000000
92929.9230000000
93166.3860000000
93402.8490000000
93639.3120000000
93875.7740000000
94112.2370000000
94348.7000000000
94585.1630000000
94821.6260000000
95058.0890000000
95294.5520000000
95531.0150000000
95767.4780000000
96003.9410000000
96240.4040000000
96476.8660000000
96713.3290000000
96949.7920000000
97186.2550000000
97422.7180000000
97659.1810000000
97895.6440000000
98132.1070000000
98368.5700000000
98605.0330000000
98841.4960000000
99077.9580000000
99314.4210000000
99550.8840000000
99787.3470000000
100023.810000000
100260.270000000
100496.740000000
100733.200000000
100969.660000000
101206.120000000
101442.590000000
101679.050000000
101915.510000000
102151.980000000
102388.440000000
102624.900000000
102861.360000000
103097.830000000
103334.290000000
103570.750000000
103807.220000000
104043.680000000
104280.140000000
104516.610000000
104753.070000000
104989.530000000
105225.990000000
105462.460000000
105698.920000000
105935.380000000
106171.850000000
106408.310000000
106644.770000000
106881.230000000
107117.700000000
107354.160000000
107590.620000000
107827.090000000
108063.550000000
108300.010000000
108536.470000000
108772.940000000
109009.400000000
109245.860000000
109482.330000000
109718.790000000
109955.250000000
110191.720000000
110428.180000000
110664.640000000
110901.100000000
111137.570000000
111374.030000000
111610.490000000
111846.960000000
112083.420000000
112319.880000000
112556.340000000
112792.810000000
113029.270000000
113265.730000000
113502.200000000
113738.660000000
113975.120000000
114211.580000000
114448.050000000
114684.510000000
114920.970000000
115157.440000000
115393.900000000
115630.360000000
115866.820000000
116103.290000000
116339.750000000
116576.210000000
116812.680000000
117049.140000000
117285.600000000
117522.070000000
117758.530000000
117994.990000000
118231.450000000
118467.920000000
118704.380000000
118940.840000000
119177.310000000
119413.770000000
119650.230000000
119886.690000000
120123.160000000
120359.620000000
120596.080000000
120832.550000000
121069.010000000
121305.470000000
121541.930000000
121778.400000000
122014.860000000
122251.320000000
122487.790000000
122724.250000000
122960.710000000
123197.180000000
123433.640000000
123670.100000000
123906.560000000
124143.030000000
124379.490000000
124615.950000000
124852.420000000
125088.880000000
125325.340000000
125561.800000000
125798.270000000
126034.730000000
126271.190000000
126507.660000000
126744.120000000
126980.580000000
127217.040000000
127453.510000000
127689.970000000
127926.430000000
128162.900000000
128399.360000000
128635.820000000
128872.280000000
129108.750000000
129345.210000000
129581.670000000
129818.140000000
130054.600000000
130291.060000000
