Zxquad_Im
0.957989850957761
0.956567196005753
0.955138777958715
0.953716009895144
0.952310953205622
0.950936308869249
0.949604679588802
0.948327114953704
0.947111213069795
0.945959317868763
0.944867506436078
0.943825930283214
0.942820626640306
0.941836331712181
0.940859445890009
0.939880334111746
0.938894506835489
0.937902636446220
0.936909618248284
0.935922971701017
0.934696175751247
0.933168910282467
0.931280894387862
0.928981696269427
0.926244121410418
0.923076444138007
0.919525644253186
0.915665885694293
0.911575091653097
0.907310626727797
0.902894542577584
0.898311242028776
0.893514143017560
0.888436925461247
0.883006985658125
0.877160418815396
0.870857534618046
0.864095687975077
0.856913886522303
0.849384319749218
0.841591378592609
0.833605827759717
0.825464430272426
0.817161332229728
0.808651197634450
0.799860519170796
0.790703580122299
0.781100898970367
0.770998294703421
0.760383185892501
0.749547263412308
0.738638288085379
0.727823591055221
0.717249665431861
0.707001710769998
0.697077089980938
0.687382925820110
0.677760286317026
0.668027161377181
0.658025386336359
0.647658308339033
0.636912987469009
0.625865108017661
0.614664987864858
0.603504244555229
0.592568293900903
0.581986962083275
0.571798383415037
0.561937814098881
0.552255057992351
0.542554909716119
0.532647875798068
0.522397065073006
0.511751322787467
0.500759585501126
0.489563625725044
0.478367943381330
0.467390441696897
0.456805244186236
0.446694417355103
0.437024086522774
0.427652793825529
0.418369315430639
0.408947717738985
0.399203447805153
0.389037103262380
0.378458408139974
0.367586903825027
0.356627668715017
0.345823881711924
0.335395228109238
0.325478545082727
0.316089065781512
0.307114963817678
0.298347011984783
0.289533605017852
0.280444173781806
0.270924254013107
0.260931242850380
0.250545674952604
0.239955803383199
0.229415859932064
0.219184206014592
0.209455792859623
0.200308493080598
0.191680464299199
0.183386044079763
0.175164909919508
0.166748857046209
0.157927139663334
0.148595362387767
0.138779762829853
0.128633460364102
0.118403892850440
0.108375028417258
0.0987957346819630
0.0898132238484942
0.0814319262818070
0.0735111838852432
0.0658025108433028
0.0580143172708977
0.0498845791739499
0.0412427709737512
0.0320488649050821
0.0224036730724248
0.0125285045757139
0.00271552396094376
-0.00674324452095330
-0.0156316754215494
-0.0238683410179121
-0.0315297522693054
-0.0388304489671852
-0.0460665129837247
-0.0535402096745783
-0.0614868190662915
-0.0700202719085251
-0.0791068088547812
-0.0885705035678549
-0.0981311074952375
-0.107469567427786
-0.116308128211735
-0.124484003513609
-0.131994301666549
-0.138997744647012
-0.145772713907160
-0.152645145710782
-0.159907709933763
-0.167750802910792
-0.176219014164750
-0.185199685921917
-0.194445831389356
-0.203631599352252
-0.212431220917965
-0.220603051564604
-0.228054801638081
-0.234869499263662
-0.241283834840426
-0.247626070177584
-0.254232825153060
-0.261367792318464
-0.269160810364674
-0.277577833860679
-0.286426323984568
-0.295396612050035
-0.304134084578694
-0.312327826463069
-0.319792649035419
-0.326519826154362
-0.332680334350928
-0.338579738321967
-0.344579268083888
-0.351006443820590
-0.358077908688802
-0.365849875914235
-0.374203903564955
-0.382870763791618
-0.391490613882622
-0.399699779101207
-0.407224157326678
-0.413952872547103
-0.419969187614140
-0.425528819028266
-0.430992948218303
-0.436736792221239
-0.443059077856800
-0.450113046875564
-0.457871084629831
-0.466128354360463
-0.474546401258043
-0.482731544821486
-0.490332803260540
-0.497134140833050
-0.503113419559872
-0.508449279747456
-0.513474012821721
-0.518587753825069
-0.524159503657330
-0.530440229478609
-0.537505556557718
-0.545237043090125
-0.553345502129993
-0.561434999993356
-0.569097693220905
-0.576018117551320
-0.582057715359135
-0.587293259604612
-0.591996933353558
-0.596564948234808
-0.601417153514919
-0.606895710711656
-0.613186168946741
-0.620274881243239
-0.627949156139902
-0.635841789039371
-0.643515257605814
-0.650569863285136
-0.656748434342829
-0.662006360390739
-0.666524613383480
-0.670661922366944
-0.674861917188346
-0.679543206464912
-0.685000806240464
-0.691339019957942
-0.698446252525641
-0.706016090239543
-0.713614081912391
-0.720780803045722
-0.727148728084853
-0.732540511808539
-0.737018028818786
-0.740866459757050
-0.744519227668456
-0.748447804359767
-0.753047732060873
-0.758547545168160
-0.764956777955719
-0.772060612510764
-0.779463730016239
-0.786679648682718
-0.793249956712925
-0.798863970599785
-0.803443272702155
-0.807164016811930
-0.810410198125769
-0.813673752047014
-0.817432190170091
-0.822036076377847
-0.827629662329745
-0.834116936208156
-0.841178405794061
-0.848339227667854
-0.855080375017227
-0.860969801782730
-0.865777779911608
-0.869540367031788
-0.872550460611881
-0.875280211244849
-0.878260255925723
-0.881950976711824
-0.886636652993130
-0.892361476423953
-0.898916294493952
-0.905879729594766
-0.912711528447857
-0.918883486574472
-0.924016723966450
-0.927984777477379
-0.930949190866978
-0.933316413599778
-0.935631216243938
-0.938440308718476
-0.942163222840346
-0.946997844564700
-0.952874994156363
-0.959468415137962
-0.966262270559278
-0.972669770440288
-0.978180163920598
-0.982494825961237
-0.985609824435379
-0.987817871045599
-0.989630064982970
-0.991643983084628
-0.994397823016600
-0.998246723282807
-1.00328376183724
-1.00931597307973
-1.01590014496024
-1.02243838942929
-1.02832084801249
-1.03308326704848
-1.03653337352784
-1.03880482926350
-1.04032130860944
-1.04168416026529
-1.04352043025361
-1.04633410521767
-1.05039318538352
-1.05566965429014
-1.06183970015761
-1.06834792455755
-1.07453203105621
-1.07978676522059
-1.08372475161148
-1.08628383275918
-1.08774510158417
-1.08865681182057
-1.08969112223526
-1.09147853588421
-1.09446279134657
-1.09880331534860
-1.10433724750602
-1.11060674075705
-1.11695412299928
-1.12267567280553
-1.12720196876640
-1.13025296305913
-1.13191670187464
-1.13262549544613
-1.13303960350775
-1.13387818338918
-1.13574738101938
-1.13900497745065
-1.14368212262848
-1.14947033641076
-1.15577901634805
-1.16186377181481
-1.16700768205495
-1.17071102036390
-1.17283016430736
-1.17361850393693
-1.17365671824033
-1.17369857766123
-1.17448286937433
-1.17656260096565
-1.18018475426369
-1.18523460337920
-1.19125076256537
-1.19751630647528
-1.20322174484459
-1.20767006525462
-1.21046653692269
-1.21163019596668
-1.21158883013029
-1.21106170278954
-1.21087220574151
-1.21174873122508
-1.21416213652759
-1.21822504809571
-1.22366175143716
-1.22985479939710
-1.23597328028313
-1.24117055537326
-1.24480683511106
-1.24662767934209
-1.24683661132728
-1.24603784610595
-1.24507251503125
-1.24480509605687
-1.24592181434525
-1.24878273063916
-1.25334417284949
-1.25915727067006
-1.26545029245418
-1.27129734858951
-1.27584896729282
-1.27856308449306
-1.27935918327312
-1.27864120632510
-1.27718412687691
-1.27592761141583
-1.27574495454890
-1.27724753536408
-1.28065677757476
-1.28575267280009
-1.29190458501236
-1.29819418169479
-1.30362698930201
-1.30739109135772
-1.30908445732931
-1.30883065979059
-1.30724273315579
-1.30525268009525
-1.30386937267100
-1.30393991326660
-1.30596795408814
-1.31000953678147
-1.31565051956572
-1.32207428625887
-1.32823061863176
-1.33309079003815
-1.33592620200813
-1.33651724176557
-1.33521639375994
-1.33284604714269
-1.33047344416088
-1.32914221609015
-1.32963651382075
-1.33231969066140
-1.33705693304108
-1.34322488836386
-1.34982225885137
-1.35568990599651
-1.35980738242473
-1.36157937450995
-1.36100911361471
-1.35869561322632
-1.35566161585332
-1.35308013622941
-1.35199108125881
-1.35307802296388
-1.35653204416519
-1.36200341628549
-1.36864795596260
-1.37528793291726
-1.38068770931449
-1.38388568791795
-1.38447233826749
-1.38270992857372
-1.37945267149675
-1.37590492532896
-1.37330910170931
-1.37266004134605
-1.37450291676292
-1.37882523679925
-1.38503993074596
-1.39207493508124
-1.39859302440400
-1.40332497599634
-1.40542592959373
-1.40472499101044
-1.40177300389460
-1.39767759440685
-1.39379624739508
-1.39139860774345
-1.39139140164558
-1.39414377213445
-1.39940891586478
-1.40634206697702
-1.41364240753771
-1.41984081481511
-1.42368855839813
-1.42452132494454
-1.42245742449593
-1.41835670357729
-1.41356680694183
-1.40956060685601
-1.40758841959988
-1.40842508523912
-1.41222630841394
-1.41848062332528
-1.42606814887399
-1.43346678754955
-1.43911582944166
-1.44185235886712
-1.44126020383169
-1.43779214436063
-1.43262599050276
-1.42732374208410
-1.42342771577630
-1.42211946908555
-1.42399810986910
-1.42896837872870
-1.43622409237326
-1.44435725050637
-1.45164306571708
-1.45648415586768
-1.45787924763676
-1.45572880135871
-1.45085674271057
-1.44475423999349
-1.43915968726006
-1.43563226381555
-1.43523395385248
-1.43834438524492
-1.44457902274430
-1.45280744058441
-1.46132726790576
-1.46824400867156
-1.47199453640645
-1.47182379819445
-1.46801467213489
-1.46178690491776
-1.45492520250926
-1.44929482197085
-1.44641457479377
-1.44717587420633
-1.45169477842176
-1.45925750581886
-1.46838126724449
-1.47707320732399
-1.48332006625976
-1.48568044074882
-1.48373593524762
-1.47821072325180
-1.47072969054719
-1.46333507089712
-1.45795945774356
-1.45602163355042
-1.45819191334338
-1.46427722761819
-1.47319206759857
-1.48307648288674
-1.49166570682416
-1.49690008504904
-1.49756319361417
-1.49366552843339
-1.48641986381689
-1.47784710177804
-1.47019476513188
-1.46539569274549
-1.46470870899863
-1.46853278940604
-1.47631689790752
-1.48655835265759
-1.49700199934461
-1.50515007925407
-1.50899311159951
-1.50765631199841
-1.50166794739611
-1.49276017869858
-1.48459765737294
-1.48923486369946
-1.51187224995033
-1.55445113386318
-1.61061047055265
-1.66596898267426
-1.70843471817138
-1.73451023690871
-1.74621941839867
-1.74729619424448
-1.74183539201693
-1.73419260738245
-1.72902728911547
-1.73108914305138
-1.74466431256463
-1.77248147771389
-1.81381672089423
-1.86284797768851
-1.91028473656407
-1.94832462122621
-1.97372357726010
-1.98703381994696
-1.99083559901599
-1.98874524592199
-1.98502453634176
-1.98423016594032
-1.99066369212423
-2.00763061366246
-2.03646564433246
-2.07537845480592
-2.11775253962122
-2.14674967821128
-2.15319239731463
-2.13352113260685
-2.09442695003412
-2.05153061440744
-2.01841965731445
-2.00016772280298
-1.99648198594809
-2.00559569391275
-2.02544660626634
-2.05311679273901
-2.08376233036783
-2.11031132661131
-2.12495697596734
-2.12203734419573
-2.10092505354935
-2.06745666660259
-2.03166885780808
-2.00241400458502
-1.98416832155206
-1.97784755253283
-1.98261436628382
-1.99666341624791
-2.01698259711341
-2.03885616711931
-2.05611459677939
-2.06269528993306
-2.05493411661025
-2.03341938223013
-2.00329404853548
-1.97212905632964
-1.94648170659690
-1.92998036230739
-1.92365537811397
-1.92692877793358
-1.93806973359440
-1.95405290925515
-1.97040021423288
-1.98174567391309
-1.98334748007091
-1.97290121871908
-1.95170680901542
-1.92442147734789
-1.89715010431828
-1.87500983966102
-1.86089681216869
-1.85567901534085
-1.85878763203961
-1.86846814372144
-1.88169937741985
-1.89426884267349
-1.90152345269529
-1.89978010570086
-1.88774661082183
-1.86720056900705
-1.84243222176437
-1.81854285210502
-1.79963734383911
-1.78800888488301
-1.78428486453465
-1.78779702762842
-1.79671455805586
-1.80802584475517
-1.81779104812506
-1.82199935882525
-1.81785038981578
-1.80484390639236
-1.78509356754628
-1.76258502921911
-1.74166728168808
-1.72568192862604
-1.71642333443492
-1.71426278228956
-1.71838445448573
-1.72685707005678
-1.73668722404141
-1.74421288902089
-1.74601306376593
-1.74004409432237
-1.72644302672295
-1.70755933267278
-1.68710566602800
-1.66882983980061
-1.65546861006893
-1.64839634683727
-1.64773322657144
-1.65249573649445
-1.66064544713998
-1.66922175959334
-1.67484845681167
-1.67465533080073
-1.66726002208402
-1.65331975402942
-1.63534210112124
-1.61678189538617
-1.60088383584865
-1.58988708582048
-1.58480489037367
-1.58551706965176
-1.59086607944712
-1.59871077743743
-1.60614341836176
-1.61008474720308
-1.60818546553712
-1.59964826241672
-1.58555656004208
-1.56851245231925
-1.55171958034905
-1.53798724060689
-1.52913296118016
-1.52585271734320
-1.52779722531849
-1.53363600627797
-1.54113726141432
-1.54747050903025
-1.54986686859334
-1.54647380500200
-1.53701501184333
-1.52292112271096
-1.50683500605403
-1.49171152271769
-1.47997381574869
-1.47307335342181
-1.47142144208526
-1.47444978731491
-1.48066069066775
-1.48774949472703
-1.49299070227763
-1.49394035195486
-1.48922172563006
-1.47902318824732
-1.46505376620513
-1.44995082557522
-1.43642107050985
-1.42653889019490
-1.42143123679446
-1.42124883181458
-1.42521306588680
-1.43166823315474
-1.43825933579850
-1.44239596849067
-1.44197368499996
-1.43607194536280
-1.42529220555996
-1.41156028783243
-1.39746785727228
-1.38547367258179
-1.37733274022533
-1.37387888797153
-1.37501981572205
-1.37977425178379
-1.38634089742233
-1.39234105968649
-1.39535108732121
-1.39361972915500
-1.38666288034172
-1.37544628462584
-1.36205638247994
-1.34900418401641
-1.33850104582115
-1.33200619836563
-1.33008403158564
-1.33241177015855
-1.33781270913068
-1.34435568990143
-1.34966869752573
-1.35152725818027
-1.34854522562816
-1.34065400350806
-1.32913628671047
-1.31618730733809
-1.30420718453581
-1.29516110136713
-1.29023169079851
-1.28973149574410
-1.29311598990336
-1.29902059317131
-1.30540364486786
-1.30993355096493
-1.31061742428023
-1.30644360259896
-1.29773607025214
-1.28604777160193
-1.27363466612874
-1.26276010778431
-1.25514511027853
-1.25171123434308
-1.25253176580617
-1.25684634345642
-1.26311123994945
-1.26919764936489
-1.27285112091412
-1.27234196490129
-1.26703915916016
-1.25763371195497
-1.24590227479526
-1.23411697654344
-1.22438261499518
-1.21817871883465
-1.21617807024642
-1.21822307634041
-1.22334159366954
-1.22982154263680
-1.23547468863400
-1.23816293455600
-1.23644979730116
-1.23008719742909
-1.22010451758330
-1.20845555310701
-1.19738750831273
-1.18882865500740
-1.18402016515238
-1.18339529763654
-1.18657037692309
-1.19236460301360
-1.19891135264814
-1.20399531270197
-1.20563583372903
-1.20271722861039
-1.19537222488996
-1.18493652059621
-1.17349452674952
-1.16323098557211
-1.15588320846414
-1.15245723702557
-1.15315307997676
-1.15736275399820
-1.16369999825254
-1.17016143955801
-1.17454180731447
-1.17506013314546
-1.17094585328361
-1.16270538340901
-1.15194510759575
-1.14083382947603
-1.13146000944078
-1.12535875301333
-1.12330386202966
-1.12526536306557
-1.13041029093465
-1.13715129105403
-1.14337097795760
-1.14691596650858
-1.14624745634852
-1.14096022385543
-1.13192177438254
-1.12096998096265
-1.11031256472545
-1.10191177116869
-1.09709201019850
-1.09639689261476
-1.09956667583784
-1.10554095346692
-1.11253804416068
-1.11835513776685
-1.12093701670388
-1.11902877310302
-1.11260576496480
-1.10287806947916
-1.09187247274354
-1.08179147548692
-1.07444518805139
-1.07094106192186
-1.07159315570349
-1.07590909318208
-1.08259759632527
-1.08969319761585
-1.09494288462849
-1.09643977722422
-1.09325269254399
-1.08574696043311
-1.07545043776096
-1.06453326961326
-1.05515062665833
-1.04893860802011
-1.04678302271114
-1.04876699634817
-1.05415962961073
-1.06143540702917
-1.06846090009227
-1.07297533040596
-1.07327337990758
-1.06878429414634
-1.06026604007540
-1.04953295437763
-1.03885063923767
-1.03028760084625
-1.02528798786200
-1.02451208853569
-1.02780806602089
-1.03419777963710
-1.04191949867716
-1.04869454134112
-1.05230431117808
-1.05130020012608
-1.04550414342492
-1.03606181728781
-1.02503617372124
-1.01473889228123
-1.00711599242620
-1.00340538428639
-1.00403786154310
-1.00861931433819
-1.01591323616375
-1.02392275373197
-1.03025514436358
-1.03279136724159
-1.03039518877716
-1.02330767172205
-1.01304883513950
-1.00188600828908
-0.992127197226973
-0.985564286314698
-0.983217801469558
-0.985283933570123
-0.991115130820385
-0.999203735969866
-1.00732389901572
-1.01301009757980
-1.01430709893589
-1.01044556963327
-1.00210486815624
-0.991156787361162
-0.980022924237975
-0.970958796280520
-0.965575181049739
-0.964666455882332
-0.968186795983047
-0.975219712947867
-0.983973147546484
-0.992005957512824
-0.996832359842245
-0.996731002056830
-0.991350971862097
-0.981820319286731
-0.970330206359992
-0.959401416250549
-0.951190549989758
-0.947105243830562
-0.947706303491638
-0.952694873037127
-0.960865447821821
-0.970129634375402
-0.977854961019677
-0.981600044930586
-0.979951702107355
-0.973023922697528
-0.962393512785762
-0.950528376950650
-0.939989782853604
-0.932792872604396
-0.930124980744900
-0.932305896205631
-0.938767717914282
-0.947991360206426
-0.957583997879532
-0.964759032366564
-0.967196438481106
-0.963867596388067
-0.955390658188902
-0.943779322982838
-0.931725389918162
-0.921770114717641
-0.915749952079750
-0.914619173205419
-0.918447380310410
-0.926375160773938
-0.936541452948621
-0.946248126079184
-0.952607825214816
-0.953510472674825
-0.948387960750389
-0.938392312096635
-0.925948745889405
-0.913910452319273
-0.904738672876955
-0.900060456711098
-0.900587684399740
-0.906126793046332
-0.915496516504084
-0.926463091325569
-0.936033753684907
-0.941292490992577
-0.940437756665000
-0.933434559077930
-0.921986444907992
-0.908889823435349
-0.897088431096884
-0.888906638402025
-0.885738690644631
-0.888046643710838
-0.895354482508141
-0.906119653276161
-0.917705326046204
-0.926851537526643
-0.930706183846041
-0.927882189232452
-0.918943791419871
-0.906148916844528
-0.892608778005486
-0.881280717239367
-0.874301375477292
-0.872816352850823
-0.877030132554277
-0.886155708386644
-0.898239966931234
-0.910217330671132
-0.918610683982308
-0.920745291794525
-0.915758312095880
-0.904869473880121
-0.890876131987929
-0.877131426577210
-0.866526556368672
-0.860968374409610
-0.861345051534774
-0.867592446988191
-0.878571379704142
-0.891859255834957
-0.903947131182278
-0.911219351859336
-0.911311575845349
-0.903994589706933
-0.891186384792887
-0.876187738732859
-0.862505031363762
-0.852885079106296
-0.848974145430842
-0.851399830630035
-0.859811080076393
-0.872658931757425
-0.886984568942315
-0.898840894960802
-0.904586075858456
-0.902315399772387
-0.892537778257075
-0.877894615729215
-0.862129780706374
-0.848800688524905
-0.840438229401673
-0.838410294738228
-0.843083907019265
-0.853790471676182
-0.868493261906445
-0.883627156331281
-0.894843130298574
-0.898622468251308
-0.893680276532155
-0.881358583377683
-0.865024791075130
-0.848778389928139
-0.836116505185617
-0.829294931077729
-0.829399167866533
-0.836534954664164
-0.849666609753687
-0.866167666896003
-0.881801768590718
-0.891898187567030
-0.893247456163851
-0.885349019529049
-0.870458838285891
-0.852644208009470
-0.836244149294063
-0.824581878108870
-0.819596925264157
-0.816055174296168
-0.817497464419158
-0.822326853337873
-0.828138895888353
-0.831994260709531
-0.831037081364600
-0.823387616591203
-0.809012660980465
-0.790049275180317
-0.770044013014575
-0.752384023311226
-0.739117696989817
-0.730809804062437
-0.726960392451617
-0.726383090135333
-0.727377921332965
-0.727821744980551
-0.725365638886181
-0.717891355955478
-0.704268603452159
-0.685177803225182
-0.663305309064021
-0.642281332127832
-0.624997217055428
-0.612723485531464
-0.605322826236084
-0.601807636122649
-0.600705623074312
-0.600194132426835
-0.598167996477301
-0.598475800091377
-0.595602101056307
-0.589061539218495
-0.579346793115971
-0.567810349650004
-0.556216896116739
-0.546181278325413
-0.538773459637260
-0.534400133315356
-0.532877579509881
-0.533567175735869
-0.535512661180488
-0.537588669700747
-0.538690497576189
-0.537965169407581
-0.535030464336665
-0.530092462038407
-0.523889400406586
-0.517465669557841
-0.511869137523865
-0.507895014453272
-0.505947087979504
-0.506010284128473
-0.507693164094152
-0.510312148558307
-0.513015453861252
-0.514951119053442
-0.515461936869379
-0.514257458609417
-0.511498190397954
-0.507749187242309
-0.503813999122519
-0.500513467994856
-0.498489397605624
-0.498082677011349
-0.499290844157033
-0.501787149053751
-0.504987572475357
-0.508163868197160
-0.510598480928275
-0.511756908870587
-0.511429765268965
-0.509792202907280
-0.507353028236370
-0.504809811268817
-0.502863902737215
-0.502056562845575
-0.502663657236292
-0.504655160796684
-0.507710307925868
-0.511281580627881
-0.514705528603558
-0.517351045953978
-0.518776059619272
-0.518846488258539
-0.517773879224457
-0.516054771556469
-0.514333051987651
-0.513234413045809
-0.513223478457798
-0.514512938671276
-0.517030080240355
-0.520435560768627
-0.524190901947500
-0.527671656507596
-0.530312328919636
-0.531750358791253
-0.531924662337488
-0.531092578000971
-0.529757278590176
-0.528531607939302
-0.527984823367339
-0.528515478935950
-0.530273661405525
-0.533136658685202
-0.536735032022323
-0.540527044412343
-0.543916451500665
-0.546395265235426
-0.547675761014649
-0.547769305942777
-0.546982986244485
-0.545834326137848
-0.544914369281711
-0.544743672312148
-0.545658554804156
-0.547745819935570
-0.550828758178377
-0.554502653312120
-0.558218058023028
-0.561404089733807
-0.563608850844193
-0.564618876535947
-0.564517981096103
-0.563663758737859
-0.562589783504868
-0.561867524072837
-0.561970577459954
-0.563173323864771
-0.565497963879776
-0.568711724531195
-0.572373200205634
-0.575925483452874
-0.578824880074720
-0.580677849643343
-0.581346527835426
-0.580986910495455
-0.580005542937040
-0.578950048350123
-0.578370524214674
-0.578692066221696
-0.580125581857320
-0.582627237923896
-0.585907600644230
-0.589489780225570
-0.592812797394677
-0.595364876237153
-0.596815087577885
-0.597103153377285
-0.596456223216543
-0.595326349482883
-0.594270750006382
-0.593813953302987
-0.594329208361723
-0.595961573079370
-0.598600014631534
-0.601899141154556
-0.605349824953971
-0.608392648477344
-0.610554312690301
-0.611571683861384
-0.611463912208122
-0.610527212809468
-0.609254110025125
-0.608205268415045
-0.607874021233575
-0.608577505885096
-0.610392304157543
-0.613139530083702
-0.616419775547956
-0.619696619058050
-0.622419507027415
-0.624161291874035
-0.624732042002756
-0.624231530084587
-0.623021737762377
-0.621629270256436
-0.620610926375557
-0.620422413496613
-0.621320109230451
-0.623309604844078
-0.626144187495979
-0.629373589159160
-0.632440515797080
-0.634811854018307
-0.636114869862631
-0.636237963834407
-0.635361749493296
-0.633909410971710
-0.632434106724148
-0.631480679476683
-0.631460384032368
-0.632564152582913
-0.634724412904586
-0.637627448746607
-0.640776494751048
-0.643601132393589
-0.645595215404508
-0.646448876265095
-0.646133332353932
-0.644909069276958
-0.643254659639806
-0.641741350121919
-0.640893446047333
-0.641070811510843
-0.642394418564524
-0.644721850283435
-0.647674101990241
-0.650713493734491
-0.653265430947624
-0.654860959700098
-0.655261387430804
-0.654524301491286
-0.652987779771888
-0.651178768219582
-0.649677387372763
-0.648978557777947
-0.649383880985381
-0.650940162653756
-0.653429065839393
-0.656408993579571
-0.659308176739887
-0.661557891107095
-0.662737060200441
-0.662686046534167
-0.661551213218956
-0.659744556137348
-0.657833264716559
-0.656396535643096
-0.655890950610514
-0.656553164387954
-0.658352013376478
-0.660992866555184
-0.663975310566406
-0.666701583980085
-0.668619881907436
-0.669367928244417
-0.668872334799829
-0.667369312090028
-0.665339681540697
-0.663381724688283
-0.662063480767146
-0.661794256402297
-0.662739338503200
-0.664786259151348
-0.667564526717721
-0.670519875525504
-0.673037959834794
-0.674595837880982
-0.674900971232425
-0.673972483251496
-0.672136028450246
-0.669934733399305
-0.667987907632130
-0.666841892004605
-0.666849879755871
-0.668099678145281
-0.670394723318276
-0.673290022112911
-0.676183736525653
-0.678455687100120
-0.679624509926489
-0.679478121912363
-0.678133261169581
-0.676003018712617
-0.673684903286596
-0.671808387726472
-0.670887371148700
-0.671210249891299
-0.672781583603929
-0.675318541612876
-0.678304061653124
-0.681096471940972
-0.683081870653630
-0.683833815554962
-0.683230921249690
-0.681491255207460
-0.679111638040899
-0.676734676204455
-0.674988450278039
-0.674343563007370
-0.675015112731160
-0.676919023333924
-0.679684750880544
-0.682726850039081
-0.685373157967429
-0.687029529858008
-0.687338227646604
-0.686278058944343
-0.684170526187262
-0.681590697767788
-0.679215698426129
-0.677660083871149
-0.677340253786722
-0.678389711326762
-0.680630773057528
-0.683604608650730
-0.686662537579913
-0.689113009084218
-0.690396440297489
-0.690237796360169
-0.688724535210208
-0.686281872281897
-0.683555816812380
-0.681246219342393
-0.679941501805037
-0.679992952902309
-0.681444389266282
-0.684020037462446
-0.687173259338780
-0.690198998892162
-0.692399324565395
-0.693265264057668
-0.692618430059189
-0.690662026421928
-0.687923233689954
-0.685109845117726
-0.682931532763679
-0.681937602208537
-0.682403338708676
-0.684274994937386
-0.687174810317836
-0.690470112053575
-0.693408317738915
-0.695300145254729
-0.695704391215651
-0.694552864611088
-0.692169917352913
-0.689180739887238
-0.686343917804670
-0.684365038704773
-0.683741007795741
-0.684660238454704
-0.686963769265014
-0.690168688673585
-0.693559664356418
-0.696347717307350
-0.697869355628870
-0.697769196135977
-0.696102023444128
-0.693316691921125
-0.690130073566564
-0.687338768415826
-0.685629499271575
-0.685433249667027
-0.686840704181215
-0.689580294650089
-0.693061742381929
-0.696492391563013
-0.699060600893235
-0.700147935874553
-0.699503482692021
-0.697316563936721
-0.694161490523375
-0.690838000853704
-0.688166228799362
-0.686798504466551
-0.687086162972609
-0.689011274181694
-0.692182603755803
-0.695901533501928
-0.699305824418926
-0.701577804984389
-0.702165438168991
-0.700941135196471
-0.698238606519816
-0.694755830448948
-0.691364033923941
-0.688890821489432
-0.687937972508463
-0.688763245688896
-0.691229154410673
-0.694818193991780
-0.698724066661334
-0.702025592615081
-0.703918871018401
-0.703941517292644
-0.702107832241684
-0.698903514518497
-0.695145348644081
-0.691762098825157
-0.689571357453750
-0.689107666628692
-0.690521033630551
-0.693543379783766
-0.697524983171535
-0.701554675821199
-0.704666442505720
-0.706093337372140
-0.705487497225692
-0.703022788084961
-0.699341665581200
-0.695371511690355
-0.692082158042591
-0.690262461824733
-0.690362579461391
-0.692410267568244
-0.695995713133731
-0.700332015988934
-0.704408734191918
-0.707233165863373
-0.708101994739627
-0.706807921640104
-0.703700453196062
-0.699580154062143
-0.695473233813636
-0.692371732541265
-0.691016006335373
-0.691754226722757
-0.694476945831806
-0.698621406268031
-0.703260015504972
-0.707292227312046
-0.709721446965046
-0.709938117115973
-0.707902107055906
-0.704152218670366
-0.699644473784148
-0.695488451859528
-0.692677368031247
-0.691882454595981
-0.693331788136002
-0.696763148100912
-0.701449678042551
-0.706321690269284
-0.710202206419859
-0.712118712726044
-0.711588773423670
-0.708765772910331
-0.704388147975392
-0.699560182687719
-0.695455676793299
-0.693046097021940
-0.692912214791664
-0.695143235725555
-0.699307792068787
-0.704504095104360
-0.709521970420277
-0.713127230306007
-0.714405041513085
-0.713036219474139
-0.709392752615314
-0.704418760276435
-0.699354585946492
-0.695415543979192
-0.693526873657539
-0.694156912792164
-0.697236283892868
-0.702147113115615
-0.707802639397797
-0.712857997131221
-0.716047712239603
-0.716554102696780
-0.714259383123204
-0.709776764917069
-0.704256799572853
-0.699058356897616
-0.695412296247122
-0.694171967954288
-0.695670605913911
-0.699659204664133
-0.705314920903863
-0.711357542972938
-0.716318994217540
-0.718936292989797
-0.718534227039240
-0.715235506608745
-0.709913305689621
-0.703919078604325
-0.698707212286939
-0.695495348855855
-0.695038439482424
-0.697511018857538
-0.702461550233591
-0.708842663027773
-0.715174956756873
-0.719886122872346
-0.721758384170244
-0.720309768337737
-0.715942094287519
-0.709801792880315
-0.703428500228374
-0.698343754901254
-0.695721043978037
-0.696189810414638
-0.699740898134865
-0.705694829675362
-0.712759324260742
-0.719254497849171
-0.723532406778804
-0.724472977401260
-0.721842822544392
-0.716359198590755
-0.709447936244823
-0.702816219367928
-0.698019439587357
-0.696154560231664
-0.696871582922277
-0.700002762584385
-0.704738331576295
-0.709936817562648
-0.714348548424652
-0.716900598152536
-0.716991117300087
-0.714693946229752
-0.710765883306774
-0.706415262100149
-0.702918619478044
-0.701260761333514
-0.701930742104269
-0.704884665182796
-0.709610912910038
-0.715242890584125
-0.720708185268010
-0.724928132805441
-0.727068517450663
-0.726795390631737
-0.724434434947612
-0.720920231472310
-0.717508029847357
-0.715371869576779
-0.715283895161469
-0.717482091186914
-0.721696768369187
-0.727253083261487
-0.733199749410383
-0.738463987007662
-0.742879669294506
-0.745731434683742
-0.746799350107470
-0.746255603015823
-0.744614075765361
-0.742587938713140
-0.740904284974812
-0.740137524082658
-0.740602814432304
-0.742318337907183
-0.745024821854566
-0.748248419481736
-0.751398188347438
-0.753889404424249
-0.755274594649971
-0.755351856345833
-0.754216443494384
-0.752234705941193
-0.749946213726350
-0.747926237630062
-0.746651364810037
-0.746401783985261
-0.747214743830096
-0.748888572256532
-0.751030835423542
-0.753143045765509
-0.754730608025522
-0.755418132304207
-0.755041907438501
-0.753691408086446
-0.751684697468992
-0.749484478770443
-0.747581496063798
-0.746379619676002
-0.746110264454759
-0.746789978325077
-0.748223437609401
-0.750048200133843
-0.751814240623753
-0.753085809026538
-0.753545064964047
-0.753071002699844
-0.751769791851702
-0.749945930031162
-0.748022810887220
-0.746437242422665
-0.745537556995541
-0.745508811188077
-0.746337333969041
-0.747817419353165
-0.749597385561838
-0.751257786424290
-0.752408206643060
-0.752781542634108
-0.752300801152725
-0.751098143424837
-0.749479606586444
-0.747846274677420
-0.746595543515636
-0.746029048438347
-0.746287583350667
-0.747323556129525
-0.748913475586428
-0.750707616837681
-0.752308857724392
-0.753365857721572
-0.753659013128688
-0.753155725317052
-0.752018110421333
-0.750560389975372
-0.749168958234511
-0.748208399795282
-0.747937691885885
-0.748454281365379
-0.749674914067052
-0.751355006650585
-0.753143084779168
-0.754661112733256
-0.755594523324313
-0.755770052795662
-0.755199570984197
-0.754076453303760
-0.752725392780523
-0.751520793156954
-0.750796773249587
-0.750771010183616
-0.751497782997432
-0.752857489438340
-0.754583502732548
-0.756321911949758
-0.757713524249215
-0.758480574604003
-0.758496136053597
-0.757816349695444
-0.756665522078210
-0.755378537750168
-0.754317668547733
-0.753786495788025
-0.753961279815259
-0.754853000991883
-0.756305810173659
-0.758031680376885
-0.759675550592459
-0.760898712169664
-0.761461592686669
-0.761284141735532
-0.760466192403770
-0.759261475031648
-0.758013121032474
-0.757069397892155
-0.756701885086323
-0.757044549159735
-0.758064937592336
-0.759571754354886
-0.761257408516860
-0.762768348397909
-0.763789191591359
-0.764120690072269
-0.763730331053653
-0.762760573226938
-0.761492122837485
-0.760273269366264
-0.759435327549402
-0.759215635642367
-0.759704673272493
-0.760826622791047
-0.762356204992218
-0.763969054936591
-0.765316775746131
-0.766110904692937
-0.766194971550653
-0.765584499860346
-0.764462945516696
-0.763134757835820
-0.761949488089670
-0.761217889024580
-0.761140433272147
-0.761762885719715
-0.762966465865781
-0.764494017508389
-0.766007985400975
-0.767169494632055
-0.767721030715489
-0.767551384897721
-0.766724262443890
-0.765461886754967
-0.764088550809880
-0.762950594653149
-0.762334218338105
-0.762400271507926
-0.763148724782205
-0.764418659935446
-0.765923777103932
-0.767317592818861
-0.768275648050694
-0.768575608186740
-0.768153831226386
-0.767121867682627
-0.765737863597123
-0.764341483807379
-0.763270977134679
-0.762783808895058
-0.762998486337669
-0.763868374839770
-0.765191725211574
-0.766656442886271
-0.767911969909979
-0.768653534305000
-0.768698239093079
-0.768031980617318
-0.766813249316021
-0.765332656136486
-0.763940276800718
-0.762961107939184
-0.762619639465828
-0.762989471344344
-0.763976907909567
-0.765341203179537
-0.766748423992449
-0.767849315584808
-0.768364319566606
-0.768154117050703
-0.767255659682608
-0.765872843911285
-0.764324688701995
-0.762966298297440
-0.762104070712077
-0.761925319258805
-0.762456409016536
-0.763556550341476
-0.764948402587318
-0.766280756548317
-0.767211504099877
-0.767491977541512
-0.767030336113327
-0.765915552702365
-0.764394726030702
-0.762810643855672
-0.761517696270478
-0.760798225730492
-0.760798278512155
-0.761494962437239
-0.762700841809874
-0.764104992914424
-0.765344101181309
-0.766089461406107
-0.766129025670205
-0.765421981645978
-0.764109655452424
-0.762479442673818
-0.760892700931857
-0.759697053820483
-0.759145280355509
-0.759338239935122
-0.760202124576232
-0.761503842277177
-0.762902550925412
-0.764028612087814
-0.764573342928566
-0.764367000637901
-0.763422895992780
-0.761934330487852
-0.760225368545635
-0.758670200761707
-0.757603368663991
-0.757242580104884
-0.757639807997015
-0.758669094061949
-0.760053284433909
-0.761425985440171
-0.762417631620675
-0.762746485665219
-0.762290649784033
-0.761120093692563
-0.759478940081491
-0.757723553961590
-0.756234708898120
-0.755327327284197
-0.755178581245431
-0.755788131218095
-0.756977122163972
-0.758426610949965
-0.759749772421119
-0.760584123096343
-0.760682032639561
-0.759974736717348
-0.758590735096788
-0.756822976798470
-0.755055006868981
-0.753667444195402
-0.752948871981326
-0.753030550329470
-0.753856727597490
-0.755195468199012
-0.756689072194600
-0.757936209224049
-0.758589088806703
-0.758441507581973
-0.757482751693755
-0.755900949914850
-0.754034981182022
-0.752289693699203
-0.751038353722431
-0.750536341446215
-0.750863760419127
-0.751906737870385
-0.753380724928946
-0.754893147753947
-0.756034956317510
-0.756481241897058
-0.756074606910399
-0.754866803194679
-0.753105806291225
-0.751172572770372
-0.749486619353100
-0.748406230378774
-0.748146613914392
-0.748731654359743
-0.749987115578740
-0.751577056369485
-0.753078862625038
-0.754083454029430
-0.754297529268361
-0.753619816945114
-0.752168303187095
-0.750250033848708
-0.748283188235118
-0.746694563930163
-0.745819436942246
-0.745825809749907
-0.746676525798956
-0.748135301770464
-0.749816900280733
-0.751274558411584
-0.752107794701348
-0.752064110264993
-0.751105479251392
-0.749419086983001
-0.747369168781858
-0.745405225663549
-0.743953211332723
-0.743317003385203
-0.743610347080991
-0.744730533445543
-0.746378218737582
-0.748121980699323
-0.749497968445271
-0.750123886090307
-0.749797608625575
-0.748551104497603
-0.746642752336526
-0.744490883447434
-0.742569343271705
-0.741294398042413
-0.740929813429734
-0.741528059118165
-0.742916758056989
-0.744733302132795
-0.746504368642031
-0.747757357646945
-0.748138699794834
-0.747506461323719
-0.745968788867392
-0.743856098451891
-0.741636409617914
-0.739799840074549
-0.738743433043331
-0.738681846738915
-0.739599349476431
-0.741250287220679
-0.743209555923891
-0.744967567976055
-0.746052694782503
-0.746151550677419
-0.745192290329975
-0.743364635493914
-0.741070549635544
-0.738821927829998
-0.737115983731206
-0.736320344271944
-0.736591328193571
-0.737838244208762
-0.739739192337370
-0.741808512948973
-0.743507532458647
-0.744376781918467
-0.744155355907855
-0.742851262923279
-0.740740161026676
-0.738293553840439
-0.736059914469276
-0.734533279345499
-0.734041047293271
-0.734671779955826
-0.736253325606608
-0.738385380217023
-0.740525073944742
-0.742113573462576
-0.742716288501149
-0.742137802062495
-0.740475351975221
-0.738093589251924
-0.735529850853014
-0.733360347180456
-0.732064586319970
-0.731918348682318
-0.732932892345669
-0.734848478890146
-0.737185267427028
-0.739348198956175
-0.740769161983816
-0.741052715094673
-0.740082464206469
-0.738053555175691
-0.735421094687252
-0.732782678843124
-0.730731832758306
-0.729721136718431
-0.729962830471776
-0.731381259813481
-0.733623497352538
-0.736130321824894
-0.738261490801767
-0.739452651558913
-0.739363304477590
-0.737969882644608
-0.735573066861778
-0.732717990634469
-0.730054917144177
-0.728182664073731
-0.727513476831210
-0.728183642764888
-0.730021005711029
-0.732574566493051
-0.735207495405632
-0.737243703180041
-0.738137966881663
-0.737621943373136
-0.735778633626615
-0.733020428124739
-0.729979866003373
-0.727350144755652
-0.725721762551794
-0.725452258416776
-0.726589109638647
-0.728854192714775
-0.731694528728942
-0.734399463089144
-0.736269098643480
-0.736795185225702
-0.735799984443031
-0.733486327001816
-0.730382593830692
-0.727203628247110
-0.724673600008794
-0.723359514238609
-0.723548909276416
-0.725187190603728
-0.727881065523780
-0.730972978838148
-0.733684720283329
-0.735307715748255
-0.735391075404921
-0.733867052871664
-0.731070587091446
-0.727647965175882
-0.724388488094647
-0.722033057133488
-0.721108497890649
-0.721816164967636
-0.723985771513259
-0.727100112265250
-0.730396200206558
-0.733037581367828
-0.734325612405078
-0.733889672873475
-0.731791915616337
-0.728510091508834
-0.724807459015232
-0.721536961242852
-0.719439710083919
-0.718984206796898
-0.720268565361364
-0.722992879299070
-0.726508017328456
-0.729947005761796
-0.732428135260016
-0.733285131402634
-0.732252925208887
-0.729543432450075
-0.725785673169778
-0.721855611141350
-0.718655879728366
-0.716909040079954
-0.717005715909446
-0.718922842225783
-0.722216738168111
-0.726099446805730
-0.729604454711665
-0.731822165639871
-0.732145220710694
-0.730441443140487
-0.727091618541871
-0.722881505455798
-0.718791724402430
-0.715757419007316
-0.714461675917252
-0.714309218871594
-0.717096667969913
-0.722112476258589
-0.728206697723484
-0.734068460583035
-0.738505225112626
-0.740690006066998
-0.740338943160078
-0.737775507249883
-0.733849626009583
-0.729718907704490
-0.726549379798818
-0.725224646152948
-0.726145670301169
-0.729164816684933
-0.733651861541663
-0.738659072855329
-0.743142805660613
-0.746200070784327
-0.747277669944359
-0.746307207387879
-0.743723782388391
-0.740352831115364
-0.737193679804610
-0.735164832837302
-0.734883375914160
-0.736530881188874
-0.739827498356084
-0.744108776214568
-0.748482427840508
-0.752920736367155
-0.754742998292342
-0.753713369217767
-0.750174807862151
-0.744947443677429
-0.739165773997502
-0.734059355726130
-0.730695858451429
-0.729735527809505
-0.731268478926289
-0.734796415504652
-0.739373192851414
-0.743857282406213
-0.747191120786089
-0.748628471487351
-0.747868055363841
-0.745088337244111
-0.740894904426277
-0.736192527549709
-0.731995286504100
-0.729201218079997
-0.728378894408975
-0.729625844485030
-0.732546958044467
-0.736363533450290
-0.740117543888363
-0.742906110616485
-0.744082218001089
-0.743381889910954
-0.740965084017049
-0.737373276806140
-0.733412544766118
-0.729977489702321
-0.727845502072955
-0.727487936275285
-0.728951512671498
-0.731848758033863
-0.735462294551375
-0.738929646655308
-0.741452275861550
-0.742474193287754
-0.741794883185990
-0.739602964468336
-0.736430864861932
-0.733038439078674
-0.730242740167859
-0.728725818694306
-0.728866584344504
-0.730644883146877
-0.733648682009703
-0.737182932929021
-0.740445957078906
-0.742721685402015
-0.743539647747342
-0.742771939744817
-0.740654801663089
-0.737734764921554
-0.734747915886823
-0.732451813465653
-0.731444218752223
-0.732014101858516
-0.734068272214086
-0.737157097646878
-0.740591626002601
-0.743616123928261
-0.745587371498347
-0.746117807652943
-0.745155960194577
-0.742993723618171
-0.740201265107701
-0.737499671761377
-0.735593604412357
-0.735000299583918
-0.735919518932489
-0.738182847711868
-0.741298522778342
-0.744577994502399
-0.747306244071404
-0.748909618320097
-0.749082839217580
-0.747852534198069
-0.745569050592560
-0.742828802217564
-0.740339481649358
-0.738753401322796
-0.738507265896427
-0.739711590578534
-0.742122858035549
-0.745207320539199
-0.748276851750753
-0.750657126842073
-0.751844243767222
-0.751615687172198
-0.750076634795398
-0.747635659436870
-0.744913992464605
-0.742603382587251
-0.741300960886347
-0.741360979688897
-0.742804598040763
-0.745315009908827
-0.748319573223222
-0.751133997768771
-0.753127608550891
-0.753868334959767
-0.753217378521520
-0.751357980502152
-0.748754669307562
-0.746049432472831
-0.743912944028056
-0.742882392590635
-0.743226814812725
-0.744878278493016
-0.747449912983947
-0.750335304571248
-0.752859535885791
-0.754440271545193
-0.754720336783848
-0.753645659242063
-0.751476197142012
-0.748728601672531
-0.746059687319182
-0.744112237944534
-0.743357682030388
-0.743976889655697
-0.745813758235410
-0.748415835834913
-0.751149552199890
-0.753356282452742
-0.754507718316389
-0.754325072726041
-0.752839783308106
-0.750386319586422
-0.747528312639770
-0.744930051303380
-0.743198487507218
-0.742732974255007
-0.743623503858223
-0.745627573628879
-0.748232787220679
-0.750786187383835
-0.752653274171059
-0.753365984540961
-0.752727490556329
-0.750855097560468
-0.748154693304604
-0.745230569885949
-0.742745990443718
-0.741263385432540
-0.741103608277790
-0.742263606203813
-0.744417215633445
-0.746998819059052
-0.749344758949378
-0.750853094212257
-0.751122459458968
-0.750041390866247
-0.747812844990157
-0.744910097859098
-0.741970672287963
-0.739647351521191
-0.738448882821014
-0.738611383930312
-0.740037353731245
-0.742320770675060
-0.744850541179489
-0.746961746520955
-0.748093825076273
-0.747918579428114
-0.746412970754887
-0.743864685791529
-0.740809359118188
-0.737909243523111
-0.735796372179570
-0.734916401665196
-0.735414908116450
-0.737099486106768
-0.739489186320736
-0.741936157452135
-0.743784275888308
-0.744523405030002
-0.743904846145794
-0.741996559922989
-0.739169213105771
-0.736014703501889
-0.733210452700067
-0.731356783756790
-0.730826812997020
-0.731670411446480
-0.733600911799972
-0.736068544459969
-0.738398341521437
-0.739953543667966
-0.740283583507154
-0.739225323362151
-0.736939677008215
-0.733877591500245
-0.730679983416709
-0.728028839245407
-0.726481241145168
-0.726328466626715
-0.727520362562066
-0.729677873512364
-0.732189728086003
-0.734364361210618
-0.735595366599809
-0.735500878889698
-0.734008996525115
-0.731374788384114
-0.728125704752535
-0.724943210096794
-0.722502225779629
-0.721304621014739
-0.721550886029581
-0.723087557656370
-0.725446418745416
-0.727963249184636
-0.729941229479928
-0.730815630620399
-0.730282316169789
-0.728365791401900
-0.725415594511831
-0.722030687756212
-0.718923308076541
-0.716748683309979
-0.715941204282509
-0.716602183425433
-0.718472785751258
-0.721000315016367
-0.723477403824596
-0.725214092609336
-0.725698904497429
-0.724714253622926
-0.722385601676764
-0.719156228194899
-0.715690258170073
-0.712719545816552
-0.710866054688755
-0.710484305456811
-0.711568826863479
-0.713754759698161
-0.716411161247053
-0.718798559312201
-0.720246681779673
-0.720309051603055
-0.718863150923966
-0.716139184157754
-0.712672240064394
-0.709183744915867
-0.706412577409894
-0.704933000002219
-0.705007346702759
-0.706516772803618
-0.708991339078360
-0.711729719978843
-0.713972611535554
-0.715082901921017
-0.714690947876944
-0.712777401068996
-0.709680082633688
-0.706022562069700
-0.702574039349953
-0.700066342752891
-0.699010844814649
-0.699565683481823
-0.701493323292257
-0.704221461013342
-0.706987947016112
-0.709027119769466
-0.709749073895201
-0.708872827585999
-0.706489768215087
-0.703047114129830
-0.699251982897100
-0.695909994934952
-0.693730356306701
-0.693145766618084
-0.694198732031077
-0.696529247440806
-0.699467303715702
-0.702201225749765
-0.703973628641404
-0.704256359169824
-0.702868819552986
-0.700020009246949
-0.696267021318435
-0.692393756626911
-0.689228924530879
-0.687442061495784
-0.687371023810844
-0.688932126007212
-0.691640928621860
-0.694736475639589
-0.697370629401466
-0.698810021811428
-0.698603206840804
-0.696681477302651
-0.693377462331483
-0.689357059229909
-0.685472100665144
-0.682558943580129
-0.681228998913750
-0.681708974116606
-0.683779652726177
-0.686832290516927
-0.690023982032484
-0.692484967436078
-0.693522668569402
-0.692777621292765
-0.690304166748231
-0.686563512356834
-0.682327456039902
-0.678504557464914
-0.675921151347598
-0.675110785242114
-0.676172904005310
-0.678745010388169
-0.682096560943576
-0.685314058354090
-0.687522707690198
-0.688088459216849
-0.686759318901915
-0.683723329982280
-0.679573904609843
-0.675183676446568
-0.671504096723595
-0.669331510128439
-0.669100773911540
-0.670768529555875
-0.673823241585036
-0.677417722548383
-0.680581684484421
-0.682453605368426
-0.682476570305534
-0.680521647389244
-0.676920542901669
-0.672400863860725
-0.667928483293062
-0.664481001098959
-0.662802484318874
-0.663207458644598
-0.665495241880032
-0.669001927184044
-0.672771738939014
-0.675793909722633
-0.677240153255765
-0.676650069214574
-0.674033354042822
-0.669874408910739
-0.665035025919583
-0.660563764246938
-0.657444456152471
-0.656344338327569
-0.657435521661787
-0.660347017841383
-0.664262073570693
-0.668127513807757
-0.670910931632182
-0.671838816320829
-0.670567344044578
-0.667260215966851
-0.662562343285545
-0.657467238655029
-0.653092183282152
-0.650403920538927
-0.649966188479273
-0.651786629339345
-0.655313077710311
-0.659578760983717
-0.663447615633147
-0.665886956151729
-0.666201079956875
-0.664183360798870
-0.660166517229069
-0.654962192620218
-0.649690170608705
-0.645518593470336
-0.643370210951334
-0.643676737466809
-0.646259904602838
-0.650378243484449
-0.654921524607122
-0.658688775948828
-0.660670866732276
-0.660274324327060
-0.657450796206536
-0.652716420821535
-0.647053742566523
-0.641699763605895
-0.637851212030156
-0.636356270095250
-0.637484654718909
-0.640852056219517
-0.645522992873642
-0.650254470686545
-0.653802148561012
-0.655206681600821
-0.654002545319880
-0.650321061102392
-0.644875272870392
-0.638820160472277
-0.633496561480703
-0.630102616523319
-0.629377724774518
-0.631398741327495
-0.635557311544612
-0.640723340111141
-0.645536246523944
-0.648733454660212
-0.649433937792719
-0.647327042754503
-0.642745332883997
-0.636610927134232
-0.630249407413825
-0.625086933741813
-0.622290531005619
-0.622453144451288
-0.625427762549718
-0.630367028451182
-0.635950446784737
-0.640719797665489
-0.643422960877194
-0.643287957675228
-0.640187054054590
-0.634675606531366
-0.627895117628184
-0.621335679250740
-0.616484242756480
-0.614438464286339
-0.615604111788617
-0.619580099215827
-0.625269176886231
-0.631170140467863
-0.635752038131482
-0.637805381927664
-0.636700066272822
-0.632520392663001
-0.626065778810436
-0.618704844519243
-0.612080756705183
-0.607709770469616
-0.606575989977206
-0.608854862533333
-0.613862963023413
-0.620247409678637
-0.626342066639070
-0.630573222052243
-0.631809544871040
-0.629597659842157
-0.624264031139639
-0.616872753037732
-0.609023778040629
-0.602495282827120
-0.598793454232369
-0.598738713107514
-0.602231562715561
-0.608281275237740
-0.615279863476769
-0.621418633477139
-0.625116122458261
-0.625357887340291
-0.621904159614571
-0.615354658189119
-0.607057581076054
-0.598843665468120
-0.592599918495062
-0.589774321957713
