Zxquad_Re
0.991084791925327
0.990294282800826
0.989510440789922
0.988739029484838
0.987985250165814
0.987254132060251
0.986550833301365
0.985880741857554
0.985249274775973
0.984661342304580
0.984120529097774
0.983628176034517
0.983182653165780
0.982779149781382
0.982410189080849
0.982066819596464
0.981740159267663
0.981422835700056
0.981109950411111
0.980799412006336
0.980491690842728
0.980176211928639
0.979844099216306
0.979488117267657
0.979102861032429
0.978685171493598
0.978234603202302
0.977753656406816
0.977247485565562
0.976722972546701
0.976187341467703
0.975646728521001
0.975105136339144
0.974564013432920
0.974022449304979
0.973477814203317
0.972926632747238
0.972365509471152
0.971791957466575
0.971204993163385
0.970605373797834
0.969995406439922
0.969378361709487
0.968757651352318
0.968136008566425
0.967514897571279
0.966894285363019
0.966272788043886
0.965648112248149
0.965017667049664
0.964379209068175
0.963744333731715
0.963125163930525
0.962533476229008
0.961979352746955
0.961469597492929
0.961006356481377
0.960586459897255
0.960201877425692
0.959841330216521
0.959492675473664
0.959145389042294
0.958792481244510
0.958431441869393
0.958064140508362
0.957695846151765
0.957333647144311
0.956984604347753
0.956653999827929
0.956344046555729
0.956053356369376
0.955777300329856
0.955509164263652
0.955241779512902
0.954969188338097
0.954687927136055
0.954397651252191
0.954101009976245
0.953802847911934
0.953508935911154
0.953224521628972
0.952953030545255
0.952695226948832
0.952449043572634
0.952210120098100
0.951972901397322
0.951731998552595
0.951483459684728
0.951225646184006
0.950959528811193
0.950688363029409
0.950416837285587
0.950149897785190
0.949891524938185
0.949643754251017
0.949406185197463
0.949176101846170
0.948949169851481
0.948720521574347
0.948485944124704
0.948242874698827
0.947990971530065
0.947732142603433
0.947470040219727
0.947209146393342
0.946953664963771
0.946706485895383
0.946468476598453
0.946238280336866
0.946012671342806
0.945787370950698
0.945558109107528
0.945321660845560
0.945076606926531
0.944823645884645
0.944565395244735
0.944305735022246
0.944048850229893
0.943798199758887
0.943555663799022
0.943321084162492
0.943092315084915
0.942865769655441
0.942637316794431
0.942403298051383
0.942161411422235
0.941911253186805
0.941654396562704
0.941393994960808
0.941134005146592
0.940878214234848
0.940629305541107
0.940388195837001
0.940153812799983
0.939923370016431
0.939693066689393
0.939459029694317
0.939218261199327
0.938969360903522
0.938712854675539
0.938451057400795
0.938187504136234
0.937926083932052
0.937670082270658
0.937421368223301
0.937179930972462
0.936943885953645
0.936709948033162
0.936474248759527
0.936233289299854
0.935984792995966
0.935728253665505
0.935465053432970
0.935198124700045
0.934931234928928
0.934668063016238
0.934411290610914
0.934161935504954
0.933919097405154
0.933680182871220
0.933441550470439
0.933199411069552
0.932950756789921
0.932694092741544
0.932429798824937
0.932160038306082
0.931888234331890
0.931618235459945
0.931353369142198
0.931095616285131
0.930845115034392
0.930600123573874
0.930357451154790
0.930113247661739
0.929863950852297
0.929607157410830
0.929342208648091
0.929070353779788
0.928794452337068
0.928518282693924
0.928245618589359
0.927979297161184
0.927720510292398
0.927468501886245
0.927220750970691
0.926973593508663
0.926723125217876
0.926466158925940
0.926201003486584
0.925927879693549
0.925648874866422
0.925367444639279
0.925087575203693
0.924812805122413
0.924545345939539
0.924285525067915
0.924031695603067
0.923780638724755
0.923528355690452
0.923271049686425
0.923006055335355
0.922732492201134
0.922451488276608
0.922165918500302
0.921879715889138
0.921596914211193
0.921320652217579
0.921052388132210
0.920791525983268
0.920535553242111
0.920280655783100
0.920022654042131
0.919758027082431
0.919484774891253
0.919202913617822
0.918914486190633
0.918623081944555
0.918332971985791
0.918048064026302
0.917770931076762
0.917502161104771
0.917240196855415
0.916981710570128
0.916722418471449
0.916458130219496
0.916185774343580
0.915904153226433
0.915614248509061
0.915319002160730
0.915022618642551
0.914729546220723
0.914443380977887
0.914165966006395
0.913896917795926
0.913633705116882
0.913372263502957
0.913107989542966
0.912836866739400
0.912556449188138
0.912266468495071
0.911968919638993
0.911667599843231
0.911367200987110
0.911072165242185
0.910785582431291
0.910508407928456
0.910239205792234
0.909974487456694
0.909709561080083
0.909439678216123
0.909161194295084
0.908872464269774
0.908574260962942
0.908269614570391
0.907963101921955
0.907659744132867
0.907363773043169
0.907077571468973
0.906801060838434
0.906531698018950
0.906265087159259
0.905996051093904
0.905719895161988
0.905433555261877
0.905136357253453
0.904830207269598
0.904519161563839
0.904208465241947
0.903903279098736
0.903607401207943
0.903322305850736
0.903046751667376
0.902777065218478
0.902508030790985
0.902234161594676
0.901951038438549
0.901656393363656
0.901350683042311
0.901037013154704
0.900720420446825
0.900406668251568
0.900100835734288
0.899806048210392
0.899522674749328
0.899248206948726
0.898977855282284
0.898705712477936
0.898426192552382
0.898135393877992
0.897832062700428
0.897517929991238
0.897197334760369
0.896876206901688
0.896560636211760
0.896255368387597
0.895962606023512
0.895681428332425
0.895407987557150
0.895136435467580
0.894860345194204
0.894574275846034
0.894275102817021
0.893962801432667
0.893640496977915
0.893313756129873
0.892989267354429
0.892673211797120
0.892369721774489
0.892079822499750
0.891801138997495
0.891528451543367
0.891254959340645
0.890973933680547
0.890680355647161
0.890372149777162
0.890050725274992
0.889720690247544
0.889388786374994
0.889062273975747
0.888747146198447
0.888446618083688
0.888160286106240
0.887884186476912
0.887611742882676
0.887335361945335
0.887048277705597
0.886746200265033
0.886428382282341
0.886097853335056
0.885760752292008
0.885424888042321
0.885097849385024
0.884785118765913
0.884488672130232
0.884206438620211
0.883932770906683
0.883659807548736
0.883379380824073
0.883084999357702
0.882773435281889
0.882445547878812
0.882106145846309
0.881762895907604
0.881424503417034
0.881098582317667
0.880789740912850
0.880498384558877
0.880220560613245
0.879948894458890
0.879674375426233
0.879388541612077
0.879085533974504
0.878763540340396
0.878425295788868
0.878077507933719
0.877729306839515
0.877390052605710
0.877067018901776
0.876763540682542
0.876478121972332
0.876204750932277
0.875934344652092
0.875656950866836
0.875364158152109
0.875051140927372
0.874717869870510
0.874369204752924
0.874013820039123
0.873662171073408
0.873323952925678
0.873005671564164
0.872708961328348
0.872430108027030
0.872160914568977
0.871890683255018
0.871608806988875
0.871307334827121
0.870982914693407
0.870637671472030
0.870278805139952
0.869916958832831
0.869563689349221
0.869228622556190
0.868917009989888
0.868628340747172
0.868356395045758
0.868090731652995
0.867819218152272
0.867530964086185
0.867218954396522
0.866881783181680
0.866524093362561
0.866155592076408
0.865788810483232
0.865436084655727
0.865106478638567
0.864803449133601
0.864523892323465
0.864258842949859
0.863995640605282
0.863720996144014
0.863424196722463
0.863099701377947
0.862748546821480
0.862378235918658
0.862001082865631
0.861631325980804
0.861281648281178
0.860959969198930
0.860667366494218
0.860397710663009
0.860139119168048
0.859876838746964
0.859596810066555
0.859289051198132
0.858950091713926
0.858583919609723
0.858201199886516
0.857816865815274
0.857446562496988
0.857102766647244
0.856791582128081
0.856511094326240
0.856251752275984
0.855998675165551
0.855735261855552
0.855447187670064
0.855125848339472
0.854770491505266
0.854388562340365
0.853994128854769
0.853604643017993
0.853236717151388
0.852901939035555
0.852603844669498
0.852336904022401
0.852087811941669
0.851838723322508
0.851571569992687
0.851272392626191
0.850934703364568
0.850561156259334
0.850163137519005
0.849758271614593
0.849366289255713
0.849004171114760
0.848681799481682
0.848399321672991
0.848146985310477
0.847907491076791
0.847660204114139
0.847386122294072
0.847072414099900
0.846715534653327
0.846322259346313
0.845908353053671
0.845495031511238
0.845103894326534
0.844751513808590
0.844445116706343
0.844180592130474
0.843943406413182
0.843712151972443
0.843463745253038
0.843178950069426
0.842846960519503
0.842468081756317
0.842053933158522
0.841625019270589
0.841206026277093
0.840819810423571
0.840481565322993
0.840194786334343
0.839950214573299
0.839728062337704
0.839502861565763
0.839249612879377
0.838949725484878
0.838595452941014
0.838191926694228
0.837756315272552
0.837314109306961
0.836893146204838
0.836516690666281
0.836197383137337
0.835933803263720
0.835710671321170
0.835502603106156
0.835280317541773
0.835017648561079
0.834697720206813
0.834317012971377
0.833886513681948
0.833429595047558
0.832976818881424
0.832558607162943
0.832197516165436
0.831902251840019
0.831665213418994
0.831464292531624
0.831268346034575
0.831044764919878
0.830767204111309
0.830421769468289
0.830010463578435
0.829551187970732
0.829074081587781
0.828614643727401
0.828205012668207
0.827865621582833
0.827599662467468
0.827392051266554
0.827213165497085
0.827026174332928
0.826795901541794
0.826497068719502
0.826120233270764
0.825674332536433
0.825185240644215
0.824690276545749
0.824229455706762
0.823835405061292
0.823489217018269
0.823149065089782
0.822757012469950
0.822252978516546
0.821586700592457
0.820730051114781
0.819686501121121
0.818493274953485
0.817212931175141
0.815915844519000
0.814660362291177
0.813478205293366
0.812368546872431
0.811299804296595
0.810216750541196
0.809051227458183
0.807735419306345
0.806216414840863
0.804469767771984
0.802508409392720
0.800382595146856
0.798168374864601
0.795947031066810
0.793782911635815
0.791707533540838
0.789713620336561
0.787758236803269
0.785772465139335
0.783675402127883
0.781390714498134
0.778899186559684
0.776220087356493
0.773413194758730
0.770567778989173
0.767784079483075
0.765146279210836
0.762696676416663
0.760422335142227
0.758259993036064
0.756115978219662
0.753891479462445
0.751504082964312
0.748902283002333
0.746074458231617
0.743053744921219
0.739916785759215
0.736771874940028
0.733734459262941
0.730895169163765
0.728292111169718
0.725899088540049
0.723634283071009
0.721384500741389
0.719034345006993
0.716490950020206
0.713700843347661
0.710660083005818
0.707418451997042
0.704074965906475
0.700760206445406
0.697605004231325
0.694703416184467
0.692083950897632
0.689700920941120
0.687448776557861
0.685192224291182
0.682799898812634
0.680171858579053
0.677257824463867
0.674067418256574
0.670672579885085
0.667198577323567
0.663799325144904
0.660618696329098
0.657749011270626
0.655202753449415
0.652908984723118
0.650734926386466
0.648522703502315
0.646127336012035
0.643446230521583
0.640437878954619
0.637131263689751
0.633625374752713
0.630074367179915
0.626654742989513
0.623519154544677
0.620751585140655
0.618341605140759
0.616187897405116
0.614128362962701
0.611983671261370
0.609598899010757
0.606874055860862
0.603782345139853
0.600377813385335
0.596790744659682
0.593205539111328
0.589818829436058
0.586786150780726
0.584175576633942
0.581946902516638
0.579964265713207
0.578035633813687
0.575962808389688
0.573585683463487
0.570812758306068
0.567638107213370
0.564146314271608
0.560502389747950
0.556920920120954
0.553614503767987
0.550734251621957
0.548324178039865
0.546307890695690
0.544512058741258
0.542715635773416
0.540705467325972
0.538321902542724
0.535488265041135
0.532225728100022
0.528654491011823
0.524976710193712
0.521435524847155
0.518253638699978
0.515569259719324
0.513394005186973
0.511609707637321
0.510004106407958
0.508329588196806
0.506363114860341
0.503951809921165
0.501040447061642
0.497683458356556
0.494041164266372
0.490354059211602
0.486890482932490
0.483875745765233
0.481425783967117
0.479511683192455
0.477969075003322
0.476546917935694
0.474974942984030
0.473026282147283
0.470561660141422
0.467554091502586
0.464097229752729
0.460395254996561
0.456726738378377
0.453380033392095
0.450574037841267
0.448392485173487
0.446758394351458
0.445458227240399
0.444204000200554
0.442708049604566
0.440746526811261
0.438200944958419
0.435079413165813
0.431520433992936
0.427774796629920
0.424157204226433
0.420968932665701
0.418412114442706
0.416528161030039
0.415185482182749
0.414120099015090
0.413010626116295
0.411558458552815
0.409550231340274
0.406895678587025
0.403644829323029
0.399986169532332
0.396218604739187
0.392689118723803
0.389702905318749
0.387433905111721
0.385871315325015
0.384823762231361
0.383977431590762
0.382982718082520
0.381537533215606
0.379446911818796
0.376656395934208
0.373264643638002
0.369514571343094
0.365753182564880
0.362353784032825
0.359614635988194
0.357669324568286
0.356445609240907
0.355688871700067
0.355038049955390
0.354122016335229
0.352643458098260
0.350434041131348
0.347482794940806
0.343943495705703
0.340117011404430
0.336396590373481
0.333173642022288
0.330726950494937
0.329137256401855
0.328262782849218
0.327784216677173
0.327297842449452
0.326419041802715
0.324864133965871
0.322499860350225
0.319366465226471
0.315678979690734
0.311798526083405
0.308160589938631
0.305164110035343
0.303054414562158
0.301847048550588
0.301324179553638
0.301102592647943
0.300742459955718
0.299854811479382
0.298178869002254
0.295625046306578
0.292292538665041
0.288463238857810
0.284559257584637
0.281051841439638
0.278334526728507
0.276604122082072
0.275799288823311
0.275621631618515
0.275627222879857
0.275348466074085
0.274402035665205
0.272559592087501
0.269783950027142
0.266240953336264
0.262284189327454
0.258395516622689
0.255072714776319
0.252688730333073
0.251376158917037
0.250986307009032
0.251138110886864
0.251332573548402
0.251084255294330
0.250026075727915
0.247971836519657
0.244945629257469
0.241187528897197
0.237126550680897
0.233300631615193
0.230221881703059
0.228225441395098
0.227363916018563
0.227392572561875
0.227848302549211
0.228185090666543
0.227910878263875
0.226685804145489
0.224375644858465
0.221074831382367
0.217105003015951
0.212972813718028
0.209265699602814
0.206494792815600
0.204938544528005
0.204554334811214
0.204995061592247
0.205719164599576
0.206143911330986
0.205782822725603
0.204334418741564
0.201726447150008
0.198132972385320
0.193964063316262
0.189804172575153
0.186280263733892
0.183884074435691
0.182817317669649
0.182928149442200
0.183763661399525
0.184710532764199
0.185161600014413
0.184648797260974
0.182920264437695
0.179975975682726
0.176079180166292
0.171734436084796
0.167601465881958
0.164332955234907
0.162379878208054
0.161846634992820
0.162460135690114
0.163661601869451
0.164775740868928
0.165184866318750
0.164452474493666
0.162387618661283
0.159073168824859
0.154871334768649
0.150385929390288
0.146345999929492
0.143411962413054
0.141970048925033
0.142007016092214
0.143119247860337
0.144645799758748
0.145862140655330
0.146155150839629
0.145133090437888
0.142677359797788
0.138965006776270
0.134467068224727
0.129889409668215
0.126020249272601
0.123505352260069
0.122640162551339
0.123274592229177
0.124868726126813
0.126667193441081
0.127911589460621
0.128009149991444
0.126625983151996
0.123727617193012
0.119597375676549
0.114824788720859
0.110217730101244
0.106608422489056
0.104601212178685
0.104373397235558
0.105620953944418
0.107666133557269
0.109671016731083
0.110860846620434
0.110679220327687
0.108863024767727
0.105474366984068
0.100915933446972
0.0959047011380160
0.0913465772030935
0.0880968707916735
0.0866876166663763
0.0871502581897221
0.0890129117323670
0.0914633518871957
0.0935970194956251
0.0946418679881193
0.0940936505029984
0.0917729441137768
0.0878519888080021
0.0828669854686903
0.0776697917984676
0.0732551675777159
0.0704742581592257
0.0697523370105114
0.0709480817327422
0.0734121002804098
0.0762064606987117
0.0783795542132484
0.0791819196510398
0.0781767421005166
0.0752815114882490
0.0707937773034122
0.0653983617218257
0.0600867493412472
0.0559267603001084
0.0537314793726184
0.0537823040556116
0.0557403577583783
0.0587744873532918
0.0618355601270806
0.0639475663321028
0.0644035398844319
0.0628487314450869
0.0593116360522163
0.0542324712303776
0.0484603378678351
0.0431268174848637
0.0393489545224328
0.0378612956379717
0.0387628025425530
0.0414958542842303
0.0450497697283175
0.0482844896086118
0.0502244177566361
0.0502242811074104
0.0480255161336443
0.0437833805898975
0.0381008243423718
0.0320065906396035
0.0267665219470003
0.0235137105862491
0.0228576437390538
0.0246763695886769
0.0281775406359267
0.0321806488983520
0.0354804135296211
0.0371274933201763
0.0365561729554124
0.0336181380041124
0.0286138699443722
0.0223321951370429
0.0159951160519036
0.0109881602097506
0.00841699097339159
0.00871453662965098
0.0115013439966121
0.0157412893966425
0.0201019728621110
0.0233432291108696
0.0245675272723651
0.0233048639936982
0.0195320320267091
0.0137171612173874
0.00686121977975915
0.000389096997488439
-0.00422001076085787
-0.00594203742685302
-0.00457548760588219
-0.000789952387304137
0.00413435608978483
0.00873971127218268
0.0117847180258152
0.0124475528253636
0.0103683602963579
0.00566600726834645
-0.000995910027829948
-0.00837543990162974
-0.0148423603849365
-0.0188639779263633
-0.0195622898274715
-0.0170233918378909
-0.0122333788146717
-0.00670631226822052
-0.00199021568159371
0.000707419180031465
0.000661438236293671
-0.00236465353825403
-0.00808898583478204
-0.0156178041283158
-0.0234382539925738
-0.0297237285579961
-0.0329446943633368
-0.0324426550129184
-0.0286462360569341
-0.0228755281074123
-0.0168559807756000
-0.0121833648681473
-0.00999695026292302
-0.0109081813819767
-0.0150170591256045
-0.0218513531926408
-0.0302442786243043
-0.0383839905401184
-0.0442729838805655
-0.0464594656586191
-0.0445846012942842
-0.0394704243449564
-0.0327766957457625
-0.0264042877697730
-0.0219485809770545
-0.0204497070086252
-0.0223927679535978
-0.0277262526880522
-0.0357506448280343
-0.0449743414598696
-0.0532651193307375
-0.0585022858880389
-0.0594042977519665
-0.0559957915698916
-0.0495358274036083
-0.0420143985940066
-0.0354578453408184
-0.0314104689684990
-0.0307883822571821
-0.0339418708213412
-0.0406480097992102
-0.0499296589563769
-0.0599102091292196
-0.0681297004700550
-0.0724196385663981
-0.0717773441834134
-0.0666948204932251
-0.0589008043204830
-0.0506874211829129
-0.0441433598085606
-0.0407127341405581
-0.0411711443735218
-0.0457285223817446
-0.0539614081185179
-0.0645468308075760
-0.0751574075426330
-0.0830221798466103
-0.0860319238944153
-0.0835838135934431
-0.0767174376775490
-0.0676483337210643
-0.0596180886877461
-0.0540851848675487
-0.0517473021089064
-0.0526238825767359
-0.0562606558908642
-0.0618524056042460
-0.0682898066262334
-0.0742317230525119
-0.0783065124878970
-0.0794870945258298
-0.0775667076459965
-0.0734672507365763
-0.0689945409653505
-0.0660323378005818
-0.0658015395186949
-0.0686824891893280
-0.0744274509505097
-0.0823935431453863
-0.0916547909205862
-0.101042866503685
-0.109224582709762
-0.114917853468302
-0.117299650442379
-0.116515830063757
-0.113922520896365
-0.111609324407136
-0.111409944349982
-0.114252297256231
-0.120191389048374
-0.128730463461307
-0.138359148824933
-0.148654144735177
-0.158975475308731
-0.168573945680397
-0.176749027528517
-0.183037211328812
-0.187363878304874
-0.190083764789998
-0.191877248200721
-0.193544394274225
-0.195790641777404
-0.199081877312057
-0.203585801955256
-0.209173292322715
-0.215454081345245
-0.221843964225044
-0.227674195722777
-0.232342144645779
-0.235472283088425
-0.237031682479941
-0.237347621529165
-0.237012410749113
-0.236713061044430
-0.237054890110297
-0.238435498844693
-0.240985567939141
-0.244563449862413
-0.248788685810392
-0.253112468664824
-0.256928565315604
-0.259715218630406
-0.261174611157944
-0.261321434282238
-0.260482101614801
-0.259200655393017
-0.258087760226380
-0.257669063445321
-0.258276351453967
-0.259994782464089
-0.262658576467805
-0.265886309172877
-0.269154697739936
-0.271909855271557
-0.273700817251214
-0.274300642334266
-0.273772575066310
-0.272453248953729
-0.270857021942113
-0.269537463732952
-0.268953910323408
-0.269377396047449
-0.270846074552673
-0.273165216507607
-0.275946564123154
-0.278686141050230
-0.280875763305774
-0.282128671961818
-0.282284083247234
-0.281453502818446
-0.279989415728235
-0.278386896882492
-0.277153996595143
-0.276692603775540
-0.277217195140954
-0.278718881823749
-0.280971420680355
-0.283576199973138
-0.286044792096397
-0.287910776178185
-0.288847630371854
-0.288757635412073
-0.287799816807982
-0.286345179902283
-0.284875172982641
-0.283859004181195
-0.283646449026782
-0.284398044436912
-0.286057890148317
-0.288366793490228
-0.290914034007962
-0.293225166664285
-0.294873980109499
-0.295592364511016
-0.295343811833218
-0.294333847086255
-0.292952672261468
-0.291670551553021
-0.290921095345990
-0.291004623460417
-0.292028932489763
-0.293890991770703
-0.296298071937326
-0.298827148087362
-0.301018158269135
-0.302485570740176
-0.303019509005921
-0.302643633670627
-0.301608591774077
-0.300322921645118
-0.299245818721818
-0.298776080277917
-0.299165279695630
-0.300468629018743
-0.302535787904826
-0.305040718245307
-0.307549330881789
-0.309618066232356
-0.310904159614233
-0.311256926433732
-0.310759532286221
-0.309705868623113
-0.308520665955245
-0.307650414507322
-0.307458107853765
-0.308145912943780
-0.309715938179177
-0.311970481496176
-0.314551277835149
-0.317015752790530
-0.318940440118703
-0.320028641725842
-0.320190498942740
-0.319568016405963
-0.318495803759922
-0.317411514177228
-0.316745949301938
-0.316824040238342
-0.317796972231025
-0.319612878550979
-0.322026958183194
-0.324650712130696
-0.327036926245454
-0.328787046889357
-0.329654589266235
-0.329612414073933
-0.328860375860430
-0.327770514632469
-0.326789138988125
-0.326327345620328
-0.326668848658185
-0.327911702803123
-0.329949113471469
-0.332489933036659
-0.335118408863894
-0.337387717466541
-0.338930040058547
-0.339553754517502
-0.339296240378380
-0.338413637437046
-0.337311292467736
-0.336439019860555
-0.336183403230798
-0.336783183309015
-0.338280839469782
-0.340513837806283
-0.343146090020607
-0.345738608900119
-0.347851101834927
-0.349153086978044
-0.349512642204109
-0.349033068258717
-0.348024449862804
-0.346920448269838
-0.346168468835539
-0.346125186281934
-0.346980239030216
-0.348718002708404
-0.351119728382623
-0.353806589333061
-0.356321479992049
-0.358237800374332
-0.359269556498635
-0.359349264383974
-0.358646887878456
-0.357523203068129
-0.356434327765262
-0.355818691880258
-0.355997249730211
-0.357106212591439
-0.359069425139334
-0.361611958386085
-0.364315380497167
-0.366710714126595
-0.368393125190107
-0.369128586753900
-0.368918410276798
-0.367999091689950
-0.366777834506068
-0.365726522860393
-0.365267511564550
-0.365679950801090
-0.367042254704673
-0.369215566359371
-0.371869480957042
-0.374550154294988
-0.376784131669899
-0.378197208713007
-0.378614885867255
-0.378110997025597
-0.376987384434618
-0.375692354785430
-0.374706098374459
-0.374427373412410
-0.375087286466456
-0.376702165737106
-0.379068681188499
-0.381802489985877
-0.384419700395189
-0.386450921431578
-0.387562076609746
-0.387645594476352
-0.386850685791590
-0.385542154727300
-0.384203012279470
-0.383313599313353
-0.383241244162405
-0.384162722448166
-0.386028173032954
-0.388568568088290
-0.391348155691709
-0.393859641511577
-0.395647357275707
-0.396427309685293
-0.396165837543723
-0.395089285313672
-0.393621734207460
-0.392273446605823
-0.391516159233788
-0.391677717579621
-0.392874310381942
-0.394986074935647
-0.397677756513214
-0.400465882936100
-0.402827776864999
-0.404332206664225
-0.404755465006664
-0.404144102573506
-0.402802059853177
-0.401207635292436
-0.399889883102725
-0.399302673110155
-0.399726181517171
-0.401209862092354
-0.403560440081587
-0.406376762457961
-0.409132661638512
-0.411299544179771
-0.412482288028963
-0.412527682447017
-0.411567840757553
-0.409983282831978
-0.408300054812895
-0.407056611784989
-0.406679287890377
-0.407392342852432
-0.409172512267363
-0.411750212111446
-0.414659773497836
-0.417338870493712
-0.419263962364026
-0.420088526314287
-0.419739794008312
-0.418439571643528
-0.416642313357876
-0.414913932692892
-0.413792053130486
-0.413665486766393
-0.414694315223433
-0.416776811036092
-0.419564842991555
-0.422530870833706
-0.425084648680953
-0.426720168654182
-0.427152625376210
-0.426399073007002
-0.424773648954698
-0.422800343612328
-0.421075681577838
-0.420125482456022
-0.420290811106089
-0.421659345796498
-0.424045456689569
-0.427021055714769
-0.430000886103808
-0.432376893281533
-0.433674573655787
-0.433684343592927
-0.432521556576108
-0.430593573139430
-0.428487680736930
-0.426820445443334
-0.426094282878005
-0.426592109952208
-0.428321036559934
-0.431006486826868
-0.434140058145803
-0.437084715394996
-0.439226747266331
-0.440138527331123
-0.439699280661738
-0.438129881845245
-0.435929812838574
-0.433741533549657
-0.432189865618788
-0.431741695211006
-0.432611256028230
-0.434717009664861
-0.437690914959454
-0.440945211119126
-0.443799117076863
-0.445647585741868
-0.446126491126640
-0.445217180157267
-0.443251633749637
-0.440818143451000
-0.438604327259264
-0.437230373536617
-0.437115084081918
-0.438393358112038
-0.440887047021422
-0.444130816689984
-0.447460154396549
-0.450160980574593
-0.451653492249264
-0.451654706327109
-0.450260701600882
-0.447918128836120
-0.445298388023289
-0.443122392987020
-0.441991847165234
-0.442264556582111
-0.443985311133292
-0.446871548230273
-0.450357740297252
-0.453707282314274
-0.456185994555760
-0.457258176670062
-0.456740317979927
-0.454854660262059
-0.452163677958961
-0.449413652188896
-0.447345175490150
-0.446526786440585
-0.447242066249561
-0.449434772751066
-0.452710364685041
-0.456401472798991
-0.459706585781071
-0.461887696982292
-0.462474270333186
-0.461400860581194
-0.459025584137190
-0.456025109405677
-0.453209772460846
-0.451324610627677
-0.450889625790105
-0.452100632843156
-0.454789238541106
-0.458441731528363
-0.462288932599406
-0.465474678443756
-0.467276767573243
-0.467312911163362
-0.465654043212515
-0.462801566960208
-0.459541591846602
-0.456735080447171
-0.455114842557083
-0.455136388054690
-0.456893855289465
-0.460095342471060
-0.464101372053406
-0.468043226950469
-0.471024023373299
-0.472360567365266
-0.471783586808528
-0.469517780430993
-0.466212338392042
-0.462754648146890
-0.460040343784811
-0.458772103898221
-0.459324471513464
-0.461675527613453
-0.465398238250305
-0.469721703210591
-0.473682886648424
-0.476362422794029
-0.477143000066097
-0.475894326071020
-0.473010552623442
-0.469289624117880
-0.465708427739813
-0.463178956061771
-0.462354836108031
-0.463512645670041
-0.466499391476236
-0.470741037305201
-0.475331060326747
-0.479221137866944
-0.481492606961965
-0.481624523435777
-0.479652047488618
-0.476151904506816
-0.472067620439596
-0.468450094638679
-0.466207258401724
-0.465923946281623
-0.467761152864580
-0.471418940048189
-0.476164273632928
-0.480952996887994
-0.484665372960820
-0.486412145417330
-0.485802552373089
-0.483063308973778
-0.478963305443657
-0.474583788022343
-0.471030504928579
-0.469185136276255
-0.469543309354256
-0.472131979884701
-0.476487290674228
-0.481705359847411
-0.486605585004089
-0.490016694476228
-0.491113508653284
-0.489672059451106
-0.486135243065176
-0.481469152873183
-0.476879758157546
-0.473505020406127
-0.472176793550461
-0.473280448078264
-0.476689247379098
-0.481757080804187
-0.487398038984480
-0.492300800853491
-0.495269702326646
-0.495584503694173
-0.493226580117523
-0.488876855904799
-0.483698060481275
-0.479002465143414
-0.475934527147556
-0.475251712595418
-0.477207332089182
-0.481499583829729
-0.487280219925025
-0.493271661226247
-0.498043833129820
-0.500412354754791
-0.499808886555575
-0.496459436106155
-0.491300511205662
-0.485684283601231
-0.481005420998655
-0.478386642911718
-0.478485843217110
-0.481401369635914
-0.486632564671837
-0.493107573929965
-0.499350402969161
-0.503832511832263
-0.505426156088966
-0.503767432484112
-0.499365421214233
-0.493423786109514
-0.487574521632112
-0.483012230438458
-0.480487169432440
-0.480249940387317
-0.482066961535320
-0.485300969501007
-0.489033089304629
-0.492232535984489
-0.493978334917936
-0.493704471463971
-0.491394483387396
-0.487626854620141
-0.483411320439773
-0.479866773290210
-0.477891708088516
-0.477963056677486
-0.480090623680492
-0.483871570699742
-0.488587675646373
-0.493328131221984
-0.497150131245757
-0.499286031320156
-0.499369522476022
-0.497600030117980
-0.494737385864819
-0.491876991426847
-0.490093452723695
-0.490131561578990
-0.492264067983632
-0.496304044376122
-0.501589283716875
-0.507558088287019
-0.513587647903474
-0.519054802657371
-0.523458225690953
-0.526529627962947
-0.528298592913006
-0.529082339099204
-0.529397882410987
-0.529825677368893
-0.530870442016438
-0.532857193292753
-0.535878590953713
-0.539791305712500
-0.544253029707025
-0.548793381780679
-0.552911861125540
-0.556189103835259
-0.558387230022052
-0.559509917752797
-0.559800515424928
-0.559676549942084
-0.559621766318477
-0.560069673185525
-0.561309492037832
-0.563431768785058
-0.566317481790436
-0.569667568118379
-0.573067562029811
-0.576078749392660
-0.578340024916635
-0.579656611992608
-0.580049833779424
-0.579751000628808
-0.579140319365907
-0.578650180351732
-0.578661841852946
-0.579421761218277
-0.580993122287172
-0.583247421120162
-0.585894643032180
-0.588547035133794
-0.590806715488287
-0.592360111498410
-0.593055949208197
-0.592943940836817
-0.592261324279490
-0.591370981128476
-0.590670332143239
-0.590497213586285
-0.591055584337867
-0.592374597675323
-0.594305599079813
-0.596555872021756
-0.598753755826582
-0.600534179396971
-0.601626634138438
-0.601922988475163
-0.601505062562005
-0.600622898291962
-0.599630251962898
-0.598896847978686
-0.598721626864826
-0.599267098924326
-0.600526398156092
-0.602326857076692
-0.604368606692091
-0.606292027327434
-0.607761782374305
-0.608548630114265
-0.608587253873515
-0.607992800554807
-0.607030682545969
-0.606048836929633
-0.605392431230494
-0.605323635568496
-0.605964208566279
-0.607270697993446
-0.609045163703065
-0.610979258424908
-0.612724393441769
-0.613974329425501
-0.614540706179495
-0.614400812259682
-0.613703157297791
-0.612728918852263
-0.611820942703387
-0.611300664576155
-0.611394089518832
-0.612182446159623
-0.613585659450804
-0.615380551902480
-0.617250692933371
-0.618859286041724
-0.619930009227743
-0.620315840461805
-0.620036514358071
-0.619273194214572
-0.618321870642011
-0.617519419798850
-0.617162898231479
-0.617441740566272
-0.618396504187174
-0.619910758815516
-0.621736976080049
-0.623552206150647
-0.625033410675309
-0.625935962401054
-0.626155126361355
-0.625752848146997
-0.624941628792855
-0.624030338633843
-0.623347888881688
-0.623165311574971
-0.623634403440742
-0.624754712149004
-0.626374014998018
-0.628222018330705
-0.629971734074707
-0.631316739336925
-0.632046514389602
-0.632099788427365
-0.631580268863711
-0.630729899728176
-0.629867705526318
-0.629311812291573
-0.629304898445008
-0.629959652769679
-0.631234244670694
-0.632941576412333
-0.634790828593622
-0.636454234406159
-0.637645522934968
-0.638191085441225
-0.638074302976862
-0.637439853262170
-0.636556644439348
-0.635750456088227
-0.635325185503115
-0.635492372603492
-0.636323931821803
-0.637736406408587
-0.639509171069210
-0.641333766342603
-0.642885586648298
-0.643902559952777
-0.644250979653272
-0.643959893962219
-0.643213705427157
-0.642305216267879
-0.641562976201176
-0.641272741682865
-0.641611853202679
-0.642609756362617
-0.644141369468446
-0.645954391279641
-0.647726253508000
-0.649140052828117
-0.649962324543289
-0.650102264245048
-0.649635274497138
-0.648783694131330
-0.647860557120316
-0.647192691498585
-0.647043460531040
-0.647552813407693
-0.648706141173328
-0.650337100777017
-0.652164135884235
-0.653854744335396
-0.655104788595907
-0.655714041857784
-0.655637450557849
-0.654996997673981
-0.654050561628189
-0.653127163326073
-0.652546984562635
-0.652546512152962
-0.653225103065469
-0.654522736457674
-0.656232630984375
-0.658047020287775
-0.659628279125617
-0.660690541104631
-0.661071535995888
-0.660774511389995
-0.659967683950933
-0.658941418887910
-0.658035919068347
-0.657559433006822
-0.657716954429753
-0.658564145205210
-0.659994545408375
-0.661762304394588
-0.663537163591052
-0.664981804446294
-0.665834493216985
-0.665975589544128
-0.665458758879686
-0.664497438505806
-0.663410743671030
-0.662544725588918
-0.662190119958152
-0.662515764518086
-0.663530713508385
-0.665081465731198
-0.666885097132542
-0.668593285823595
-0.669875042756624
-0.670498889699982
-0.670392311874233
-0.669660951552514
-0.668561710667050
-0.667438019809271
-0.666635955246151
-0.666422935983809
-0.666927013526938
-0.668108000020861
-0.669765266630184
-0.671581513182312
-0.673195526167705
-0.674289224578237
-0.674667667633508
-0.674309650221830
-0.673373675715408
-0.672157550723492
-0.671023890160969
-0.670312526415374
-0.670261598548639
-0.670953850263982
-0.672297578870173
-0.674045545158962
-0.675849545962612
-0.677341413683973
-0.678223059646878
-0.678342408235080
-0.677733299913128
-0.676607202070355
-0.675299414557240
-0.674185920613846
-0.673593643582603
-0.673725384243286
-0.674614236521109
-0.676115156700058
-0.677935509335039
-0.679700509359653
-0.681041752852607
-0.681688668461979
-0.681538292801650
-0.680682663827488
-0.679385435323828
-0.678015101805260
-0.676954535604657
-0.676510741037273
-0.676845088185645
-0.677936932189859
-0.679586599012709
-0.681458065542989
-0.683155204256342
-0.684316874919369
-0.684707907714756
-0.684280479780187
-0.683187253429729
-0.681742321086015
-0.680342165282847
-0.679369433925250
-0.679103910114885
-0.679659469756485
-0.680957968869108
-0.682744448608135
-0.684642406394299
-0.686240597822072
-0.687193415875855
-0.687309234372765
-0.686601028758158
-0.685283647207514
-0.683718821927932
-0.682324897762554
-0.681476586844503
-0.681418909911702
-0.682212274720235
-0.683717691553113
-0.685625009043636
-0.687521166603739
-0.688987079260373
-0.689701680136729
-0.689525161533444
-0.688536418086196
-0.687013040151212
-0.685360478729090
-0.684011896161966
-0.683325801580330
-0.683504727680135
-0.684549797804667
-0.686258337353252
-0.688265968963213
-0.690128130870946
-0.691426276818275
-0.691873571221541
-0.691390283771254
-0.690125631776937
-0.688419360091746
-0.686715537428110
-0.685454191038236
-0.684968846786139
-0.685411693889319
-0.686718984407507
-0.688622140448775
-0.690704546064380
-0.692496459303287
-0.693589398358296
-0.693741049723404
-0.692939826467787
-0.691408762155364
-0.689547888580316
-0.687833564758273
-0.686703843103474
-0.686458021301036
-0.687190015860560
-0.688765934274034
-0.690849833602401
-0.692976034403887
-0.694657333698564
-0.695506004865951
-0.695335029665579
-0.694208632474461
-0.692426042116310
-0.690444304054965
-0.688764480163114
-0.687812950809377
-0.687845123827009
-0.688888699313891
-0.690734780983399
-0.692979516337273
-0.695112718823891
-0.696638973935897
-0.697203159075362
-0.696684651775176
-0.695230518771167
-0.693217237537143
-0.691154069641360
-0.689557915508271
-0.688832963928201
-0.689180702913045
-0.690554725536932
-0.692666810026511
-0.695045764648224
-0.697143047055682
-0.698465936664438
-0.698704878794733
-0.697816867319020
-0.696037942245763
-0.693821339232502
-0.691722112699602
-0.690262858356781
-0.689814271027750
-0.690513568401911
-0.692232475622912
-0.694599817383862
-0.697078985404266
-0.699091063242888
-0.700158694180333
-0.700031877081019
-0.698756312653620
-0.696661947461346
-0.694276526768510
-0.692192763333364
-0.690927535219432
-0.690806002590993
-0.691890488742357
-0.693963315504952
-0.696567616573059
-0.699104925476374
-0.700976018036173
-0.701733415100124
-0.701201524605859
-0.699525404400675
-0.697132323372268
-0.694620322059433
-0.692609861044113
-0.691599447066756
-0.691855964158142
-0.693355994618371
-0.695785267414473
-0.698599630229708
-0.701144286864973
-0.702812117352789
-0.703201911059703
-0.702227988427486
-0.700144607641199
-0.697477920881985
-0.694889890907550
-0.693017004065123
-0.692325529193187
-0.693010669107451
-0.694952248863458
-0.697732725593692
-0.700720525949872
-0.703212409044776
-0.704608374671336
-0.704571721205629
-0.703122528153584
-0.700632865568689
-0.697727121664869
-0.695122482127736
-0.693457909935251
-0.693152399567301
-0.694315429013626
-0.696718946981481
-0.699836186896079
-0.702949880351417
-0.705319022428923
-0.706368586056121
-0.705846356091519
-0.703893958879831
-0.701008178089186
-0.697908434455275
-0.695355975444261
-0.693976878804124
-0.694126688865322
-0.695814490035369
-0.698693222538112
-0.702121966649236
-0.705301844689580
-0.707468045814572
-0.708091397274860
-0.707025662893714
-0.704549245863436
-0.701288307400754
-0.698051203259148
-0.695629525909793
-0.694619324579006
-0.695295399901007
-0.697551152032814
-0.700909495017374
-0.704611852136404
-0.707784785443471
-0.709657428558082
-0.709770481093523
-0.708106342958372
-0.705094251910137
-0.701491608884836
-0.698186411316242
-0.695984279528825
-0.695432356394845
-0.696706281518348
-0.699567846738193
-0.703399234063722
-0.707322665391727
-0.710400884054979
-0.711879025040981
-0.711394812211333
-0.709082591762935
-0.705534602886929
-0.701637966888699
-0.698347580045807
-0.696464178974766
-0.696465428835901
-0.698408220693438
-0.701906174952548
-0.706190640519351
-0.710265764437523
-0.713145749379479
-0.714118582241776
-0.712949130087437
-0.709946959027231
-0.705876763511312
-0.701984019435151
-0.698634390031098
-0.697330711304738
-0.698945781224489
-0.703587819081972
-0.710666464013111
-0.719096549362460
-0.727569085330457
-0.734836897258751
-0.739976568153490
-0.742587316837498
-0.742881162363192
-0.741628011709282
-0.739956052410953
-0.739058859854257
-0.739895633677009
-0.742969253908623
-0.748232785586324
-0.755130588662902
-0.762747131516690
-0.770023117937630
-0.775997222056028
-0.780030074811410
-0.781961452450174
-0.782153052922987
-0.781393672144379
-0.780689711760195
-0.781005681757482
-0.783030431152287
-0.787025315611405
-0.792545326713496
-0.799607517986576
-0.806595117739277
-0.812070290734915
-0.815052288027154
-0.815149771235471
-0.812568215956498
-0.808028002100772
-0.802614206992754
-0.797566063529403
-0.794022003615812
-0.792763184840431
-0.794023836192402
-0.797435210369352
-0.802130728352083
-0.806979525286557
-0.810869441713095
-0.812955360244750
-0.812820039109366
-0.810533509484121
-0.806619447265272
-0.801941087261693
-0.797519884340894
-0.794310719713892
-0.792977649418552
-0.793729742430053
-0.796270389253746
-0.799880405601137
-0.803608787531109
-0.806509743102744
-0.807858553607263
-0.807299291059293
-0.804905621759603
-0.801154984555804
-0.796824201636946
-0.792820606740741
-0.789975566067232
-0.788844718102646
-0.789569106691258
-0.791841289802849
-0.794989223690330
-0.798151404366437
-0.800489080399985
-0.801377815784041
-0.800537675286260
-0.798083986324903
-0.794496717043121
-0.790515219128996
-0.786973779878944
-0.784607368239477
-0.783872151006305
-0.784830599629011
-0.787137377670907
-0.790131510461165
-0.793005914174912
-0.795003685980378
-0.795590097713993
-0.794565034702579
-0.792099970239471
-0.788697476123379
-0.785080367038676
-0.782027963865417
-0.780191363228227
-0.779932404880637
-0.781232044699676
-0.783696931188196
-0.786662651715340
-0.789361732387991
-0.791107982441340
-0.791451352718670
-0.790272861040554
-0.787806194966136
-0.784584959593576
-0.781323994447904
-0.778754831865021
-0.777449656038756
-0.777678310631725
-0.779339742076908
-0.781989444276431
-0.784954586750577
-0.787501927614475
-0.789011835734729
-0.789117109506610
-0.787780484417144
-0.785300035105549
-0.782242938516668
-0.779318047839277
-0.777210298116196
-0.776413683078553
-0.777106716443626
-0.779107056312495
-0.781919588697793
-0.784863190318146
-0.787238608624759
-0.788492509652273
-0.788340566285522
-0.786827461727027
-0.784315565629011
-0.781404641541185
-0.778795560836033
-0.777124268045814
-0.776804850177142
-0.777924360956202
-0.780220844285742
-0.783151499770969
-0.786030171144729
-0.788194425212128
-0.789159245769491
-0.788724233743766
-0.787015874437065
-0.784459135688526
-0.781682957290849
-0.779375580100460
-0.778119312283435
-0.778245268051867
-0.779748738456750
-0.782290776933187
-0.785285592098054
-0.788047359632250
-0.789955234992154
-0.790595884615327
-0.789854358214326
-0.787938303398096
-0.785332253287442
-0.782689063530387
-0.780677812143848
-0.779821091849948
-0.780363357154903
-0.782208101580392
-0.784943029404641
-0.787945487682723
-0.790536852772505
-0.792143883274935
-0.792429032031712
-0.791364400319642
-0.789237525785419
-0.786588243037682
-0.784086542654254
-0.782374411367585
-0.781907786134442
-0.782840657073334
-0.784985288235079
-0.787860747748132
-0.790814880446660
-0.793184237991822
-0.794449977993216
-0.794354778691397
-0.792959184032279
-0.790628588139330
-0.787952674057881
-0.785610463057524
-0.784207876380576
-0.784126809474533
-0.785427254147809
-0.787831657290191
-0.790796280629926
-0.793647905582261
-0.795747051152986
-0.796636532962480
-0.796143728583705
-0.794418587619940
-0.791901439988398
-0.789225170689194
-0.787068552537965
-0.785991686587536
-0.786294934606851
-0.787941337222236
-0.790565967029209
-0.793569248192131
-0.796266283285931
-0.798050962282160
-0.798535231845157
-0.797635457963594
-0.795591345234580
-0.792914231808939
-0.790272354831967
-0.788333895161020
-0.787602834072416
-0.788290685267245
-0.790261415748328
-0.793066343690609
-0.796058166265677
-0.798550534787760
-0.799980543816491
-0.800036776003818
-0.798728503336964
-0.796384755717566
-0.793582837359103
-0.791017255757355
-0.789334295381492
-0.788971188523952
-0.790043728478725
-0.792315739711907
-0.795259689541175
-0.798189788540013
-0.800429199126806
-0.801468343594065
-0.801079815270693
-0.799369177005223
-0.796753428073969
-0.793869562019956
-0.791428027659327
-0.790041054891521
-0.790068378122852
-0.791523887530991
-0.794071434678488
-0.797110908817401
-0.799928378117111
-0.801868117965110
-0.802484165287469
-0.801640230472570
-0.799540871401206
-0.796688610833966
-0.793772513077067
-0.791507375958533
-0.790458480534162
-0.790897417407291
-0.792730914802055
-0.795524440270823
-0.798613005589095
-0.801265942698645
-0.802860785211326
-0.803025514909368
-0.801721671288836
-0.799254673877442
-0.796208878767521
-0.793316345091732
-0.791283368142002
-0.790614790585212
-0.791483746073714
-0.793685704590147
-0.796690904158098
-0.799778645297036
-0.802213941248197
-0.803420181685006
-0.803109564851164
-0.801347639494552
-0.798541554173291
-0.795352397276772
-0.792544577959020
-0.790801799783891
-0.790554546532434
-0.791867767043146
-0.794422968225033
-0.797600017015753
-0.800633158392923
-0.802796457128878
-0.803572113276759
-0.802766641051294
-0.800555113492219
-0.797446096984634
-0.794170713320757
-0.791513414515705
-0.790120031812221
-0.790332540158307
-0.792098827048450
-0.794985356594112
-0.798288306181403
-0.801209006477571
-0.803044826724218
-0.803349996898749
-0.802035166149510
-0.799389624743897
-0.796021669331044
-0.792723967718127
-0.790286952510550
-0.789302199095518
-0.790009026671012
-0.792230526648767
-0.795418892395959
-0.798795211739354
-0.801541513763610
-0.802993532854319
-0.802790922754568
-0.800957885122764
-0.797901619106287
-0.794326854338169
-0.791077331138674
-0.788933582297656
-0.788415564997695
-0.789646079299454
-0.792317134541090
-0.795769492339064
-0.799159753134221
-0.801665696786137
-0.802677208367523
-0.801932830829552
-0.799579193787053
-0.796143892150519
-0.792422929336148
-0.789298451478322
-0.787523354738310
-0.787527818954235
-0.789304863944509
-0.792410905222185
-0.796080390386393
-0.799418088247963
-0.801613969552044
-0.802128497424534
-0.800812536895660
-0.797943326240237
-0.794169886574017
-0.790372182470347
-0.787455698598834
-0.786126112010499
-0.786705105444523
-0.789043630899473
-0.792560109273403
-0.796390259035069
-0.799601759233958
-0.801414541297908
-0.801376624601207
-0.799464485934557
-0.796093257926640
-0.792032664439751
-0.788236845149311
-0.785616970356712
-0.784810131837047
-0.786010542238059
-0.788916181728867
-0.792807530250162
-0.796731804068076
-0.799736427604989
-0.801090313996495
-0.800446475454465
-0.797920013380909
-0.794070112376736
-0.789784378885826
-0.786078514801355
-0.783848967333067
-0.783641221583897
-0.785503180740566
-0.788970787520205
-0.793189437757776
-0.797130849853774
-0.799841103644616
-0.800658290067415
-0.799358216058299
-0.796207182979390
-0.791913163644745
-0.787476309019863
-0.783958073766937
-0.782216893164953
-0.782682189698557
-0.785237311749897
-0.789249443814256
-0.793734883020065
-0.797605747205647
-0.799927712296442
-0.800129329883023
-0.798127264029916
-0.794350963161772
-0.789660132963423
-0.785159138231117
-0.781935795048383
-0.780784295947046
-0.781992432670073
-0.785261898204536
-0.789787259360339
-0.794465151396393
-0.798166948711818
-0.800000829935368
-0.799508096487496
-0.796764483922651
-0.792373657155914
-0.787347755072829
-0.782883471270121
-0.780071629451514
-0.779613034170530
-0.781627601913407
-0.785620055251556
-0.790611898973072
-0.795393271711618
-0.798816651443463
-0.800057521519718
-0.798793141107845
-0.795276552711611
-0.790295504520792
-0.785012459279453
-0.780700384229049
-0.778425442251873
-0.778763131805574
-0.781639154343886
-0.786348451269965
-0.791742987841481
-0.796523529498736
-0.799548482763691
-0.800087244533069
-0.797977095043601
-0.793666475438934
-0.788135461013644
-0.782691231422273
-0.778662114327146
-0.777057333890429
-0.778292682666170
-0.782073931884296
-0.787476733363251
-0.793191541275376
-0.797851012161329
-0.800347232284055
-0.800071850543971
-0.797047021755378
-0.791934319051523
-0.785912206523417
-0.780422635043370
-0.776822791757814
-0.776027890176546
-0.778257609467433
-0.782973587718537
-0.789026836128350
-0.794959335402918
-0.799361137346791
-0.801188601486179
-0.799985640564558
-0.795984869423730
-0.790078073153803
-0.783645253193567
-0.778247861592920
-0.775239114041081
-0.775398302534270
-0.778711269014172
-0.784373865004875
-0.791012164181695
-0.797038157210304
-0.801029066569309
-0.802038866356924
-0.799795394838874
-0.794767984473628
-0.788094629181584
-0.781356162848487
-0.776211789111436
-0.773970876775401
-0.775230213365880
-0.779703707763448
-0.786303528113184
-0.793436470805278
-0.799408810812108
-0.802818933039821
-0.802854421020272
-0.799460377210225
-0.793369696701867
-0.785980894526989
-0.779069859142405
-0.774364015053883
-0.773081351262450
-0.775585342483879
-0.781280716881843
-0.788783151886372
-0.796292647477179
-0.802040051005142
-0.804682997941727
-0.803581282797876
-0.798932385956990
-0.791760045393329
-0.783735058909658
-0.776815996734938
-0.772759774303543
-0.772637368631240
-0.776524698339409
-0.783482425485031
-0.791823471758016
-0.799561125000871
-0.804887180382663
-0.806560538707712
-0.804154442087653
-0.798155800786768
-0.789906642122379
