Zxdip_Re
1.00387244337283
1.00431054227749
1.00474852773982
1.00518438663182
1.00561644119922
1.00604300532114
1.00646205639548
1.00687100627930
1.00726665167083
1.00764537429367
1.00800361911291
1.00833859802667
1.00864905097637
1.00893579380634
1.00920177706679
1.00945154096660
1.00969021975724
1.00992245648862
1.01015157870515
1.01037920853486
1.01060528803401
1.01083911642238
1.01108907764603
1.01136269192328
1.01166630086072
1.01200434763324
1.01237841529499
1.01278644508115
1.01322270242036
1.01367884994899
1.01414590936247
1.01461635304032
1.01508553016748
1.01555208667130
1.01601753759414
1.01648536228046
1.01695992836647
1.01744541670596
1.01794484700693
1.01845933092710
1.01898773143762
1.01952689029085
1.02007243126928
1.02061991138460
1.02116593639996
1.02170889152113
1.02224913448019
1.02278870227902
1.02333069048659
1.02387847333010
1.02443490690037
1.02499094045101
1.02553598387815
1.02605843377102
1.02654701176040
1.02699275980643
1.02739118966378
1.02774380696923
1.02805823400070
1.02834659799004
1.02862261801193
1.02889843033030
1.02918218919120
1.02947695152625
1.02978079596690
1.03008787290945
1.03039008169787
1.03067909671498
1.03094841285306
1.03119498699608
1.03142004482629
1.03162878352910
1.03182902376877
1.03202921783496
1.03223641375087
1.03245472041820
1.03268457969154
1.03292290255970
1.03316396072968
1.03340082890346
1.03362708824367
1.03383842154051
1.03403370547685
1.03421529280867
1.03438839004747
1.03455970622229
1.03473576811024
1.03492136559129
1.03511849929211
1.03532602669363
1.03554003228325
1.03575481645227
1.03596429203913
1.03616348371807
1.03634977109696
1.03652354724527
1.03668810313015
1.03684876629791
1.03701154063227
1.03718162547956
1.03736219242793
1.03755369077752
1.03775380503578
1.03795804883829
1.03816086168714
1.03835696985969
1.03854269465076
1.03871687583282
1.03888115820545
1.03903955706338
1.03919742530145
1.03936011032467
1.03953165558369
1.03971385836254
1.03990588148828
1.04010448467877
1.04030481619124
1.04050159307520
1.04069040263168
1.04086880569366
1.04103695094464
1.04119752930602
1.04135507949184
1.04151483855837
1.04168144804294
1.04185784011807
1.04204455842912
1.04223965076198
1.04243914772134
1.04263802229824
1.04283141832337
1.04301585713582
1.04319011393592
1.04335552688231
1.04351565158756
1.04367535706031
1.04383960976001
1.04401226142539
1.04419513204361
1.04438758906265
1.04458670633685
1.04478796671920
1.04498635615306
1.04517759901031
1.04535922987471
1.04553121946104
1.04569598227122
1.04585776286582
1.04602156927014
1.04619193705501
1.04637183254852
1.04656194840924
1.04676054240736
1.04696385165644
1.04716699453187
1.04736516141691
1.04755481062048
1.04773456422416
1.04790556201532
1.04807117498393
1.04823615655905
1.04840546047511
1.04858303003408
1.04877084962379
1.04896847100547
1.04917311493650
1.04938032855940
1.04958505876056
1.04978289574043
1.04997118018554
1.05014968293792
1.05032066990624
1.05048833396349
1.05065774776687
1.05083361404990
1.05101912444380
1.05121519193073
1.05142022589707
1.05163049907746
1.05184103323576
1.05204680929574
1.05224401496846
1.05243101175640
1.05260876046097
1.05278058689018
1.05295135110518
1.05312624314340
1.05330951463681
1.05350345094825
1.05370781685831
1.05391989738143
1.05413512985829
1.05434819706898
1.05455433260320
1.05475051851082
1.05493625954889
1.05511372198500
1.05528719690897
1.05546203407441
1.05564332620957
1.05583467149570
1.05603730345412
1.05624978052145
1.05646830759796
1.05668762826056
1.05690229657813
1.05710802901067
1.05730279242286
1.05748733508149
1.05766501232616
1.05784095431789
1.05802079872346
1.05820931340319
1.05840924199391
1.05862063408495
1.05884080855995
1.05906496692482
1.05928733364526
1.05950256923850
1.05970711104488
1.05990008915948
1.06008356678754
1.06026203546399
1.06044130367189
1.06062707039048
1.06082354068183
1.06103240694584
1.06125242198445
1.06147966311425
1.06170844294257
1.06193267717409
1.06214739089780
1.06234998267069
1.06254090506148
1.06272357226168
1.06290351814427
1.06308703224470
1.06327962462714
1.06348469229046
1.06370268927504
1.06393098424029
1.06416444873378
1.06439666407962
1.06462148442137
1.06483457701784
1.06503453754377
1.06522327275315
1.06540554172746
1.06558778159456
1.06577652877494
1.06597683286567
1.06619103415550
1.06641817686303
1.06665419110910
1.06689282348275
1.06712712873822
1.06735118299812
1.06756158788660
1.06775835945724
1.06794495433840
1.06812742192339
1.06831291545392
1.06850794807393
1.06871681859442
1.06894056427789
1.06917667095940
1.06941961678732
1.06966215588236
1.06989707109204
1.07011897839209
1.07032571251912
1.07051891091450
1.07070363023293
1.07088710103868
1.07107695602967
1.07127937998428
1.07149761670081
1.07173116283986
1.07197582892867
1.07222467748142
1.07246966099593
1.07270359701314
1.07292198847179
1.07312419989643
1.07331365697433
1.07349701268524
1.07368251017756
1.07387797413708
1.07408892383219
1.07431723518041
1.07456064394498
1.07481320990377
1.07506667571614
1.07531244747314
1.07554373511747
1.07575729823684
1.07595431390050
1.07614011791675
1.07632289286083
1.07651166198957
1.07671410454649
1.07693470896482
1.07717366975956
1.07742676829269
1.07768629049412
1.07794282432312
1.07818755342176
1.07841448633041
1.07862202160207
1.07881340457204
1.07899594511738
1.07917921724530
1.07937272540454
1.07958361715261
1.07981496268362
1.08006496857046
1.08032730676401
1.08059253162657
1.08085032014780
1.08109202923577
1.08131291523333
1.08151339777327
1.08169900422677
1.08187901187260
1.08206416936944
1.08226409491996
1.08248497290564
1.08272805223285
1.08298926327521
1.08326006581049
1.08352940378676
1.08378637467730
1.08402297656415
1.08423619602106
1.08442884084207
1.08460887539681
1.08478745496422
1.08497620136103
1.08518441065586
1.08541683187429
1.08567248278385
1.08594476073738
1.08622287814273
1.08649438246918
1.08674821914381
1.08697756447143
1.08718163854677
1.08736597021735
1.08754104025858
1.08771969819122
1.08791404775011
1.08813256003922
1.08837804179720
1.08864687448579
1.08892971247541
1.08921357174294
1.08948492572584
1.08973309587328
1.08995303569512
1.09014670538931
1.09032263323957
1.09049380233252
1.09067446701927
1.09087672956892
1.09110766912913
1.09136761704441
1.09164993149713
1.09194237978920
1.09222993858408
1.09249845211752
1.09273824904820
1.09294670937460
1.09312902204701
1.09329691588434
1.09346575076674
1.09365078255693
1.09386353461770
1.09410906810114
1.09438469025535
1.09468038441345
1.09498097524886
1.09526968563895
1.09553231087868
1.09576091819418
1.09595599581748
1.09612640645342
1.09628717806100
1.09645579423783
1.09664798771592
1.09687403248707
1.09713629300874
1.09742850168040
1.09773697256666
1.09804364763280
1.09833043256668
1.09858379932141
1.09879837699615
1.09897845234906
1.09913693323113
1.09929211812598
1.09946321808711
1.09966579138508
1.09990810157472
1.10018909434757
1.10049839165121
1.10081842714875
1.10112846558930
1.10140970780564
1.10165017852342
1.10184796757718
1.10201182858954
1.10215897968088
1.10231080866767
1.10248770193497
1.10270426280651
1.10296589680247
1.10326737718983
1.10359371785846
1.10392337764725
1.10423333025227
1.10450488070689
1.10472863173968
1.10490708372223
1.10505406633881
1.10519123164980
1.10534269939314
1.10552931247510
1.10576380880788
1.10604780815268
1.10637114168376
1.10671378457207
1.10705028321450
1.10735592443847
1.10761314200666
1.10781628041062
1.10797321668763
1.10810336358255
1.10823275198769
1.10838767848593
1.10858854975090
1.10884519862265
1.10915445941519
1.10950045656596
1.10985780074620
1.11019739276460
1.11049369468941
1.11073151964181
1.11091023388686
1.11104402920347
1.11115825678591
1.11128305732662
1.11144613339632
1.11166638350634
1.11194956864882
1.11228667771328
1.11265539755537
1.11302480234067
1.11336267442103
1.11364380876119
1.11385687642634
1.11400762539536
1.11411741547536
1.11421768914433
1.11434217958799
1.11451899443748
1.11476427046000
1.11507840637464
1.11544544080248
1.11583596512890
1.11621356049908
1.11654374178613
1.11680312297014
1.11698592575725
1.11710566799565
1.11719158150951
1.11728109544159
1.11741074123064
1.11760779032248
1.11788417953444
1.11823353581404
1.11863182047225
1.11904199797698
1.11942249303023
1.11973779479341
1.11996817430619
1.12011527825324
1.12020174133607
1.12026514810265
1.12034850099928
1.12049003397775
1.12071469455273
1.12102859516019
1.12141706735141
1.12184687978186
1.12227303925423
1.12264953656189
1.12294153588291
1.12313516075831
1.12324148304125
1.12329347424830
1.12333724970302
1.12342061610694
1.12358209653008
1.12384257460472
1.12420052210139
1.12463134704336
1.12509157227026
1.12552821493560
1.12589204974235
1.12615113605001
1.12629998571514
1.12636114068030
1.12637889824203
1.12640770002270
1.12649899319153
1.12668984881463
1.12699508772268
1.12740352433712
1.12787892682187
1.12836665730748
1.12880613855668
1.12914676258125
1.12942399760401
1.12967472571824
1.12995106566799
1.13031035740197
1.13080220995313
1.13145579932877
1.13227108161158
1.13321726113222
1.13424016739729
1.13527680445055
1.13627194401927
1.13719132915211
1.13802888112397
1.13880793121489
1.13957698514159
1.14040019431686
1.14134344193605
1.14245868962825
1.14377045894497
1.14526823341187
1.14690753121180
1.14862041755644
1.15033293378575
1.15198389159686
1.15353942159661
1.15500042966446
1.15640263133692
1.15780951132601
1.15929885092750
1.16094494609232
1.16273881294640
1.16466671303347
1.16668876243113
1.16874320429189
1.17075925298233
1.17267630966216
1.17446262394838
1.17612526627497
1.17770717324397
1.17927344246117
1.18089365611063
1.18262666885629
1.18451019714164
1.18655414214745
1.18873664979395
1.19100445283641
1.19328089330853
1.19548328163898
1.19754593643229
1.19944036974301
1.20118408165465
1.20283461523475
1.20447236319243
1.20617978387595
1.20802375901755
1.21004349655061
1.21224306946779
1.21458800766100
1.21700804044262
1.21940945678337
1.22169762441222
1.22380393026711
1.22570688225926
1.22743861379063
1.22907466879968
1.23071231069856
1.23244627714338
1.23434902910384
1.23645762177881
1.23876615524324
1.24122364820439
1.24374008581877
1.24620401554288
1.24851064582543
1.25059226042577
1.25243906789545
1.25410198420251
1.25567699385185
1.25727845387724
1.25901156605442
1.26095109941853
1.26312788447608
1.26552182601760
1.26806185718144
1.27063629267510
1.27311650965940
1.27539074242630
1.27739709071336
1.27914257664687
1.28070067329147
1.28218930061448
1.28373901635267
1.28546273309362
1.28743363838105
1.28967195956223
1.29213919311145
1.29474102858976
1.29734307719477
1.29980135627020
1.30200151865729
1.30389313627060
1.30550517008705
1.30693675308571
1.30832818163315
1.30982427328850
1.31154211292481
1.31354894900712
1.31584984362805
1.31838380427348
1.32103068015389
1.32363336955781
1.32603559950600
1.32812588713200
1.32987137609724
1.33132777747912
1.33262208324618
1.33391628970883
1.33536656972073
1.33709000321956
1.33914320885524
1.34151145067153
1.34410742873513
1.34678327810018
1.34936033103297
1.35167435856134
1.35362307357660
1.35519744767209
1.35648415418367
1.35763916795408
1.35884438440552
1.36026357618679
1.36200914196671
1.36412215683506
1.36656348261248
1.36921608893414
1.37190341487275
1.37442765060466
1.37662217806164
1.37840091865087
1.37978479208495
1.38089478811888
1.38191579334161
1.38304671567367
1.38445444830941
1.38624165588026
1.38842882145034
1.39094792214059
1.39364931864641
1.39632784197784
1.39877033942475
1.40081452515271
1.40239798163440
1.40357726248949
1.40450994641721
1.40540849989983
1.40648495284890
1.40790425109249
1.40975400060805
1.41202898057127
1.41462802240204
1.41736671292434
1.42001261496451
1.42234247032124
1.42420606758550
1.42557226327407
1.42653819932694
1.42729904782496
1.42809225031407
1.42913817943580
1.43059430845955
1.43252767143963
1.43490223064167
1.43757975012721
1.44033978691955
1.44292540634918
1.44510993707802
1.44676381349304
1.44789462761160
1.44864404604737
1.44924443127583
1.44995436407240
1.45099703188053
1.45251657367314
1.45455381023111
1.45703683479737
1.45978690679072
1.46254742750326
1.46504132583305
1.46704662111295
1.46846354236527
1.46934539176856
1.46988101412160
1.47033806842499
1.47099130084985
1.47206058912209
1.47367063942859
1.47583033279112
1.47842697595879
1.48123855295878
1.48397355446466
1.48634085259411
1.48813256074929
1.48928812119162
1.48991268544098
1.49024341720171
1.49057986478922
1.49120696613170
1.49233472162292
1.49406214270633
1.49636038699002
1.49907128734453
1.50192767214286
1.50460598925167
1.50680892994016
1.50835321526010
1.50922683135992
1.50959173526680
1.50973285745545
1.50997676053167
1.51061177245285
1.51183114408414
1.51370180853101
1.51615138222636
1.51897190087924
1.52185031886376
1.52443577980391
1.52643447651209
1.52769909375550
1.52827500765767
1.52838442149776
1.52835766745061
1.52854208829814
1.52922196416780
1.53056673221046
1.53260475267587
1.53521427901626
1.53813377296226
1.54100507367341
1.54345685421503
1.54521022367592
1.54616568459545
1.54643393925081
1.54629906020850
1.54613255865349
1.54629513493340
1.54705914302486
1.54856302079172
1.55078993153266
1.55356299250457
1.55656411078518
1.55939260040483
1.56166577165578
1.56313262646776
1.56375341864090
1.56371076471593
1.56335016099058
1.56307825152036
1.56326070277499
1.56414980006409
1.56584569960100
1.56827957722487
1.57121378541150
1.57427181691875
1.57701525795870
1.57906154263589
1.58020182852474
1.58046765406831
1.58011835515174
1.57955815091753
1.57922107181250
1.57946864286165
1.58052481565026
1.58244405774317
1.58509855622312
1.58818457714959
1.59126686935286
1.59387667462592
1.59564542234420
1.59642158941081
1.59631860010526
1.59567511668375
1.59494902583538
1.59459250686760
1.59495338288554
1.59621896994073
1.59839043120260
1.60127372594829
1.60449427415926
1.60755977418005
1.60998143857247
1.61142082910973
1.61179931485639
1.61132130738265
1.61040483526640
1.60955404625862
1.60922882281092
1.60975352228212
1.61127049927710
1.61371966067666
1.61683327531661
1.62016209267227
1.62316104571197
1.62533483899479
1.62639330637757
1.62634610032599
1.62549563359820
1.62433647008674
1.62340938322733
1.62317065233460
1.62391140671444
1.62572061694566
1.62846848417557
1.63180599201090
1.63520684716475
1.63808071058812
1.63994266559985
1.64057053838748
1.64007679548759
1.63886619125667
1.63750391957959
1.63655576487179
1.63646261418248
1.63747273726107
1.63961303594569
1.64267488621983
1.64622047520470
1.64964622526383
1.65232785201988
1.65381106675953
1.65396240660949
1.65301007065330
1.65146226117390
1.64994574913712
1.64903810953769
1.64915294429538
1.65048618914560
1.65299347087276
1.65637740319318
1.66010433468182
1.66349613528123
1.66591031091418
1.66694660274996
1.66658123704388
1.66516864341398
1.66331784320508
1.66170507216212
1.66090535987402
1.66129336086669
1.66300325029956
1.66590930334240
1.66961454125323
1.67348351812943
1.67677024983159
1.67883462454420
1.67935652519418
1.67844222190702
1.67657960566383
1.67447175515459
1.67282948305055
1.67221039525995
1.67293900518838
1.67507808486188
1.67840919299043
1.68242410131783
1.68638160057430
1.68947961110541
1.69110608752621
1.69104918146883
1.68956392707842
1.68727478222453
1.68496774734508
1.68337104353786
1.68301004244042
1.68414848796757
1.68676744868116
1.69054266121903
1.69484245660324
1.69881911048638
1.70163238013237
1.70272899993694
1.70203458939656
1.69996890765075
1.69729112628169
1.69485464120595
1.69338634267561
1.69336521419516
1.69498405968573
1.69813065488824
1.70235963483989
1.70690380140641
1.71081296305943
1.71323382089948
1.71370719944938
1.71232528434406
1.70968453502508
1.70667127264013
1.70418665008458
1.70293681717912
1.70334135338322
1.70551204972862
1.70922968918047
1.71391003176453
1.71863947938009
1.72237611441494
1.72428659482820
1.72404490134354
1.72193740742142
1.71874394779072
1.71546413166034
1.71302375917670
1.71208919347465
1.71300902463590
1.71580338824699
1.72012925940696
1.72524318553118
1.73007724966301
1.73351735223215
1.73479130268176
1.73374781070104
1.73089201846950
1.72718712811730
1.72372558276475
1.72143229480041
1.72091623481788
1.72244485082140
1.72593437788831
1.73089690902273
1.73640726161518
1.74124071994597
1.74424145661979
1.74474746339386
1.74282464915804
1.73921671257555
1.73506213924907
1.73151930506980
1.72948573019583
1.72949782242830
1.73173277841267
1.73598763388050
1.74160306581840
1.74744858994932
1.75214894916045
1.75454974199516
1.75415494097484
1.75128912166423
1.74694755823190
1.74242656098892
1.73891785574742
1.73726590629544
1.73792258706511
1.74096588681936
1.74605335001375
1.75232115821185
1.75841113895563
1.76281651969979
1.76444124388270
1.76301603903468
1.75916247974102
1.75413141697389
1.74934916425318
1.74600407283592
1.74486475598543
1.74629015400891
1.75024872033493
1.75623074090914
1.76312761580123
1.76933607396137
1.77325407458508
1.77391450413211
1.77133822470343
1.76647662514174
1.76082856742859
1.75591181589043
1.75287289352493
1.75238669074128
1.75471418845122
1.75970028383215
1.76662969601451
1.77410184328099
1.78026168363226
1.78346961440789
1.78297019884874
1.77913772108511
1.77327790868921
1.76711572541215
1.76221177949977
1.75963384958491
1.75995196858489
1.76332656930653
1.76945791179588
1.77737269917613
1.78532635206385
1.79122407279648
1.79347090365531
1.79161493666283
1.78644430858679
1.77963185772586
1.77360578424788
1.76947460909600
1.76767991966291
1.76817269275415
1.77058169778551
1.77431050462439
1.77856836795791
1.78241154251963
1.78487549094872
1.78523873973964
1.78337284315470
1.77997915230116
1.77640797491489
1.77404407096915
1.77374910695250
1.77574712743480
1.77980584420390
1.78542291809678
1.79191188059316
1.79842765575482
1.80401383290369
1.80775047883757
1.80904929255333
1.80803688832804
1.80574463877830
1.80374563422758
1.80339340873819
1.80533540711737
1.80956101847566
1.81566234496915
1.82250217154856
1.82974864928224
1.83701317727345
1.84382237929219
1.84971910693782
1.85438858457411
1.85776452260724
1.86006269258656
1.86171684850744
1.86324377127819
1.86510192654731
1.86759729098687
1.87084646241341
1.87477723252865
1.87914871622748
1.88359043651422
1.88766994127168
1.89099057871802
1.89329954361395
1.89456784860759
1.89500513658590
1.89499772827678
1.89499523940893
1.89539369944918
1.89645378541258
1.89826383591268
1.90073680968457
1.90363041444240
1.90659012018856
1.90921950688489
1.91117337213060
1.91225157631786
1.91246012677075
1.91201221833622
1.91126576085272
1.91062238335865
1.91042696312334
1.91089710654449
1.91209012239750
1.91390062314664
1.91608225824719
1.91829384079407
1.92017098203479
1.92141435901667
1.92187138364288
1.92158177738454
1.92076714901778
1.91976700039094
1.91894606230726
1.91860608098432
1.91892499403635
1.91992894165522
1.92149241388733
1.92336277284899
1.92520960553382
1.92669726902243
1.92756841349699
1.92771464928094
1.92720849645826
1.92628282718610
1.92526487656932
1.92448965450799
1.92422142116044
1.92460124755443
1.92562435032441
1.92714388035957
1.92889919343336
1.93056877573584
1.93184358352601
1.93250580882330
1.93248912141714
1.93189807518387
1.93097827442567
1.93004822839216
1.92941755480951
1.92931652811370
1.92985108089234
1.93098556125201
1.93255092976494
1.93427755527749
1.93585202121106
1.93699107441179
1.93751536545933
1.93739940005916
1.93677901493126
1.93591292306664
1.93511251218092
1.93466418165738
1.93476598555829
1.93548946393058
1.93676792734515
1.93840968785040
1.94013600194048
1.94164191109514
1.94267041032942
1.94308061830888
1.94288725452101
1.94225654823726
1.94145976939431
1.94080130016892
1.94054488069328
1.94085680146213
1.94177421570776
1.94319912075682
1.94491718471253
1.94664131580427
1.94807648279172
1.94899345746317
1.94929062025926
1.94902257759184
1.94838476720411
1.94765963421131
1.94714350937379
1.94707683764647
1.94759366239649
1.94869626660748
1.95025510175895
1.95203373452363
1.95373837544175
1.95508638116952
1.95587866566804
1.95605413877830
1.95570698437645
1.95506024219457
1.95440539701563
1.95402877134079
1.95414600484606
1.95485776406273
1.95613071066250
1.95780370487924
1.95961936579605
1.96127972236925
1.96251783833564
1.96316773176755
1.96321030325159
1.96277879082368
1.96212170898891
1.96153676159186
1.96129758923864
1.96159289264949
1.96248842065043
1.96391438055483
1.96567831612080
1.96750372697913
1.96909181240786
1.97019537810459
1.97068487438851
1.97058459741997
1.97006591630551
1.96940011052788
1.96888766843026
1.96878632491759
1.96925527902163
1.97032359268927
1.97188426237055
1.97371422826514
1.97552043248410
1.97700739177153
1.97795225627111
1.97826538664783
1.97801560537374
1.97741094480386
1.97674212819716
1.97630845671740
1.97634812127252
1.97698798170943
1.97821856576608
1.97989511455919
1.98176522831409
1.98352263003720
1.98488004203090
1.98564397566554
1.98576812019875
1.98536649558196
1.98468168251794
1.98401991512007
1.98367487892702
1.98386128692348
1.98467067223186
1.98605322540231
1.98782622256727
1.98970983659679
1.99138872244562
1.99258936901646
1.99315291542836
1.99307954585560
1.99252852823271
1.99177416030516
1.99113366636301
1.99089031383997
1.99123120647720
1.99220951361328
1.99373343888379
1.99558253499031
1.99745220487592
1.99902301956445
2.00004137865489
2.00038839826307
2.00011348016311
1.99942044339809
1.99861171693048
1.99801045425838
1.99788441049575
1.99838883660602
1.99953553349910
2.00118932061376
2.00309283584350
2.00492020220313
2.00635372464867
2.00716633654724
2.00728438039299
2.00680858354265
2.00598576903605
2.00514215119759
2.00460126875122
2.00461005368710
2.00528761646419
2.00660149193212
2.00837207095487
2.01030656883980
2.01206223409686
2.01332974195145
2.01391553028219
2.01379613463131
2.01312493947974
2.01218929585165
2.01133411675145
2.01087736815624
2.01103970405642
2.01189981839663
2.01337825753047
2.01525039582716
2.01719032500347
2.01884381088932
2.01991730991900
2.02025793250386
2.01989689561864
2.01904064812816
2.01801362009333
2.01717363547169
2.01682679238093
2.01716192467647
2.01821308993081
2.01985136644317
2.02180710031020
2.02372449511519
2.02524427051225
2.02609678089917
2.02617699845128
2.02557463693791
2.02454856607501
2.02345584959663
2.02266079149516
2.02245106044964
2.02297808765095
2.02422717229310
2.02601776824562
2.02803588923352
2.02990015679927
2.03125376560169
2.03185968849550
2.03166776941829
2.03082916497435
2.02965336068486
2.02852462041157
2.02780673062377
2.02776217062625
2.02849938307867
2.02995091795209
2.03188286442001
2.03393846462850
2.03571626871964
2.03687056836263
2.03720614059166
2.03673431132343
2.03566956174626
2.03436894648138
2.03323753916620
2.03263112382708
2.03278009107044
2.03374432253009
2.03539980165425
2.03745805008316
2.03952214070078
2.04117740518437
2.04209893173337
2.04214277420222
2.04138770970344
2.04011217560483
2.03871644955817
2.03761912696152
2.03716010369443
2.03753068395873
2.03873664302348
2.04059381063853
2.04275862267698
2.04479783260283
2.04629186585426
2.04694732579623
2.04668108297198
2.04564443202673
2.04417897916775
2.04272255421980
2.04169916683924
2.04142462128212
2.04204406213653
2.04350364512405
2.04555576031315
2.04780211960242
2.04977847608298
2.05107022442926
2.05142710969095
2.05083615945289
2.04952507994501
2.04789628599957
2.04641817769332
2.04551135069177
2.04545906491480
2.04635316281832
2.04807470081949
2.05030975927045
2.05260680572920
2.05447762486698
2.05552408290272
2.05555142478847
2.05462567089598
2.05305338194876
2.05129372928894
2.04983743340935
2.04909223600674
2.04930020428560
2.05049264753047
2.05248009143192
2.05488001053285
2.05719051590308
2.05890841832959
2.05966519885174
2.05933445747471
2.05806918575825
2.05625551385050
2.05440354052508
2.05301687638554
2.05248047100015
2.05298637942531
2.05449801652641
2.05675003004336
2.05928979023293
2.06156969975110
2.06308278963343
2.06350488851223
2.06279098397903
2.06118777396451
2.05915968474849
2.05726010053830
2.05599502977301
2.05571629573470
2.05655694076431
2.05840494186850
2.06091387980307
2.06356062432112
2.06575867931231
2.06701090456259
2.06705365662289
2.06593612935528
2.06400379985390
2.06179589442881
2.05989964441475
2.05881205120804
2.05884116952681
2.06005179500543
2.06224867761838
2.06499943737666
2.06771155345915
2.06976904920800
2.07070079381796
2.07032105350221
2.06878535563839
2.06654092855762
2.06419589077732
2.06236017280864
2.06150962343632
2.06189761734609
2.06351113476423
2.06606361112358
2.06903233826193
2.07175853813940
2.07360925417612
2.07415818632487
2.07331573128311
2.07135463021276
2.06882429398438
2.06639328271979
2.06468151831696
2.06413098370788
2.06492918943769
2.06697524474007
2.06988286067967
2.07303551610617
2.07571397012360
2.07728434208427
2.07738657384282
2.07604574715656
2.07366082232966
2.07088085649389
2.06842382036265
2.06690557861550
2.06672112903538
2.06798057005785
2.07048439654247
2.07373790626605
2.07702868438504
2.07958625191021
2.08079584077061
2.08038742564125
2.07851901146655
2.07572221759884
2.07273986516682
2.07032578904942
2.06907668284616
2.06932714561968
2.07109776597039
2.07407876164186
2.07765820636142
2.08102785157895
2.08337950172634
2.08414184317666
2.08316064637572
2.08074396549104
2.07755921688653
2.07443345960002
2.07214052421680
2.07124207810777
2.07199864170559
2.07432834490598
2.07779829353495
2.08167074240968
2.08504479641523
2.08709330601719
2.08731721637312
2.08570519320235
2.08273040354898
2.07919514668365
2.07599737740973
2.07391306833368
2.07345259102848
2.07478834472382
2.07772175708992
2.08168260061144
2.08579953832469
2.08908661781196
2.09072268125523
2.09031410576828
2.08801999969469
2.08449055431312
2.08065726658128
2.07747183647828
2.07569302102487
2.07576349984804
2.07775286602877
2.08132972520753
2.08577079590077
2.09006517241114
2.09315540020348
2.09425828654710
2.09312277362555
2.09010524987364
2.08604047303067
2.08205022017962
2.07879465878307
2.07736572706374
2.07841748019273
2.08211287863334
2.08809291141735
2.09549268807431
2.10307709625963
2.10953638897173
2.11387146548793
2.11570580382441
2.11537811980308
2.11378182780100
2.11204550673746
2.11121311948819
2.11203720072026
2.11489188469898
2.11974955717545
2.12618167220986
2.13339818678882
2.14037408626700
2.14608949606546
2.14983510896915
2.15145926477832
2.15142469062126
2.15063154213938
2.15010252852015
2.15069691613878
2.15295402140826
2.15704967603706
2.16272898976997
2.16979590897672
2.17707725360960
2.18332822609784
2.18747274811338
2.18888632970301
2.18760524809212
2.18433907667856
2.18024915272616
2.17658974993397
2.17438012522074
2.17421892531724
2.17623882276067
2.18013979833611
2.18525719951599
2.19066574793056
2.19534266344925
2.19839204475075
2.19928265488058
2.19801146093424
2.19511320199763
2.19149897541607
2.18819004764707
2.18605687083437
2.18564487186051
2.18710222735017
2.19018222897718
2.19429602313857
2.19861563008754
2.20223669294931
2.20438896120146
2.20464337598990
2.20304066092816
2.20008308717181
2.19658619375539
2.19344962491241
2.19143411650280
2.19100766280897
2.19227542237583
2.19497749194795
2.19854057380230
2.20218453953673
2.20508591589681
2.20657708664312
2.20632783263854
2.20444301316633
2.20143349130700
2.19806831019799
2.19516550191614
2.19339536756407
2.19314613099310
2.19446305280459
2.19705032679576
2.20032779661950
2.20354387945669
2.20594072832754
2.20694316661809
2.20631673378219
2.20423654145830
2.20123708794447
2.19806070053583
2.19546158090845
2.19402978613645
2.19407474502288
2.19557577163579
2.19819187773418
2.20132675431644
2.20424964869181
2.20626239300240
2.20687793202896
2.20595542608911
2.20374147345017
2.20079945017537
2.19785307912207
2.19560087236103
2.19455784990720
2.19495558725015
2.19670492771568
2.19941579293343
2.20247241040389
2.20516295808454
2.20684794947558
2.20712739291372
2.20595266215820
2.20364083866919
2.20078465348599
2.19809145440754
2.19620702846346
2.19557344983257
2.19634470480240
2.19836201353735
2.20118505295757
2.20417876289816
2.20665196050585
2.20802594499414
2.20798870114906
2.20658276185420
2.20419326680982
2.20143991989657
2.19901242288454
2.19750363577123
2.19728270641410
2.19842565295791
2.20070364966821
2.20362679500174
2.20654339986132
2.20878721023603
2.20984450577757
2.20949328981721
2.20786614161925
2.20541263729211
2.20277506063199
2.20062187964583
2.19949075283568
2.19967653930477
2.20117648722542
2.20369191005511
2.20668549514186
2.20949359997251
2.21148117285898
2.21220506941208
2.21153585122455
2.20969459071500
2.20719050933823
2.20468250943531
2.20281261292572
2.20205961970766
2.20264185682895
2.20447683686449
2.20719687069894
2.21022081492547
2.21287952055396
2.21457696970832
2.21494704957350
2.21395539494777
2.21190924849234
2.20937150079404
2.20701043609396
2.20543526702611
2.20506137410441
2.20602780185082
2.20817144712098
2.21105728396661
2.21406533890740
2.21652900823880
2.21790034457448
2.21789711260785
2.21658207085578
2.21434528159975
2.21179614085689
2.20960403125229
2.20833818466152
2.20834544763007
2.20968261781475
2.21210540958730
2.21511409203192
2.21805632151198
2.22027755398230
2.22128782817016
2.22089560167186
2.21926197284425
2.21685524988264
2.21432301404019
2.21232661910601
2.21138761063825
2.21177889473535
2.21347207702992
2.21614164505557
2.21922692133906
2.22205115749709
2.22398270113444
2.22460005040501
2.22380875281297
2.22186831783513
2.21931937503798
2.21683828150838
2.21506857908559
2.21447610314612
2.21525432140630
2.21728691251765
2.22016781438828
2.22328045443435
2.22593318257789
2.22752922628478
2.22772624911735
2.22653250754323
2.22430459521578
2.22164812028351
2.21925781629428
2.21774915008962
2.21752407769684
2.21869119338674
2.22104389586304
2.22409716854485
2.22718504796224
2.22961203866692
2.23082920009737
2.23058396546350
2.22899180728689
2.22650347711873
2.22378078804442
2.22152558436801
2.22031467619872
2.22047795849575
2.22203390278909
2.22468382034734
2.22786645799762
2.23087457511100
2.23302142506627
2.23381959189261
2.23311643722072
2.23113773483232
2.22842372100960
2.22568224351703
2.22361026752559
2.22273518454078
2.22330673526192
2.22524831150366
2.22816804265389
2.23143249660337
2.23430302405643
2.23611570932800
2.23645883053039
2.23528903618788
2.23294378591802
2.23004628151876
2.22733891786171
2.22550121638102
2.22500032594663
2.22599790069369
2.22831768813279
2.23147444502513
2.23476818884161
2.23744061723133
2.23886611775495
2.23872300381296
2.23708540776710
2.23440190950286
2.23137026436589
2.22875472236111
2.22720436792403
2.22711531223131
2.22855340477649
2.23123868631698
2.23459347170322
2.23785867707891
2.24027009340368
2.24125712433951
2.24060228599641
2.23850386342444
2.23551882818743
2.23240918695211
2.22994728972093
2.22873850224608
2.22909719085366
2.23098593920179
2.23401765363701
2.23752451630925
2.24069787365573
2.24278341724916
2.24328330605938
2.24209785995597
2.23955429470372
2.23631290984530
2.23318782197549
2.23094482434598
2.23013211048511
2.23097171761297
2.23331579778286
2.23666750251831
2.24027287521016
2.24328557284864
2.24497907190781
2.24494676990773
2.24321939424518
2.24025562423437
2.23681156361325
2.23373955712588
2.23178345214644
2.23142073781959
2.23277066827261
2.23556814821669
2.23920498471591
2.24284711521238
2.24562499934971
2.24685981040918
2.24625505074332
2.24398299318723
2.24063373073388
2.23704911764815
2.23410424774452
2.23250507090758
2.23264481750149
2.23452961900744
2.23777075227928
2.24164841614779
2.24525692165172
2.24772087148850
2.24843094194205
2.24721954418775
2.24440966929299
2.24071988587791
2.23706520532293
2.23432657410691
2.23315568523032
2.23384795056321
2.23628613176198
2.23995206390287
2.24401578286025
2.24751134996307
2.24957789257950
2.24969905242554
2.24785436680740
2.24452422973133
2.24054959614780
2.23690355812841
2.23445481262320
2.23378415454714
2.23507558525320
2.23807831629759
2.24213970329125
2.24632325261842
2.24961753582597
2.25119974784610
2.25067125777032
2.24817574451531
2.24435467226300
2.24016193657306
2.23661127988121
2.23454006848756
2.23444135985433
2.23637404690940
2.23994367777608
2.24435917854520
2.24858393983551
2.25157968429922
2.25258839219979
2.25135472941874
2.24820163826992
2.24393178250422
2.23959906989814
2.23623830848255
2.23463570058651
2.23517955114005
2.23778972668403
2.24191811117300
2.24663278208951
2.25080691484347
2.25339838169671
2.25374371770590
2.25175662075434
2.24795176105928
2.24328910271208
2.23890612223057
2.23583722091371
2.23479705810906
2.23605194444568
2.23936843650469
2.24403499669588
2.24897858151964
2.25299635245621
2.25507010553510
2.25466344887097
2.25188421614645
2.24744779339420
2.24246308441388
2.23813125826120
2.23546327409479
2.23508147701654
2.23711257175990
2.24115499327371
2.24632453016136
2.25140970818978
2.25515108248344
2.25658722024937
2.25534355747861
2.25174558052003
2.24671404694252
2.24149364037709
2.23732612317528
2.23517477149554
2.23554852644583
2.23841626217965
2.24319281187454
2.24881299481883
2.25393361007138
2.25726417398935
2.25793806647185
2.25577878338079
2.25135028144564
2.24577815812834
2.24042471090692
2.23654631942491
2.23503349477395
2.23626031516289
2.24001863850581
2.24552346664805
2.25152202252001
2.25655139853315
2.25932274488767
2.25910735656041
2.25596347016228
2.25071037945452
2.24467198646328
2.23930500033787
2.23585204819163
2.23510527194946
2.23728185045647
2.24197602953441
2.24818605880690
2.25446766605000
2.25925712694864
2.26130784597305
2.26007673583006
2.25589258663562
2.24984157247157
2.24343264226553
2.23818887175347
2.23530897092253
2.23546080750533
2.23868162726724
2.24434553112772
2.25121669517854
2.25765967314972
2.26203745274619
2.26319488710237
2.26082595401604
2.25556332701608
2.24876483005538
2.24210393351885
2.23713764659222
2.23498947941520
2.23617686089206
2.24053240969698
2.24718505960356
2.25464785176332
2.26110072312512
2.26487144504079
2.26495435843329
2.26133437901124
2.25497700546988
2.24750823286783
2.24073797995622
2.23622111575216
2.23497423634645
2.23733768050269
2.24291213735656
2.25055336383858
2.25850767446923
2.26478578201524
2.26773075291204
2.26655306065466
2.26158303822171
2.25414137991489
2.24610911746780
2.23939708920969
2.23551935186419
2.23535404180867
2.23903666289525
2.24590480839666
2.25450977522112
2.26281900887990
2.26870142499031
2.27058000963763
2.26795572409990
2.26155705197982
2.25307325451101
2.24512001558542
2.23909878360933
2.23533475814729
2.23361037778635
2.23329416144770
2.23351096064127
2.23330297790911
2.23178274222707
2.22829974048715
2.22262444349008
2.21509887849070
2.20664322327310
2.19852573664925
2.19195057373897
2.18767454469645
2.18583930013507
2.18603009220960
2.18744912428564
2.18910105086329
2.18995661936039
2.18911186489710
2.18597104522887
2.18044805907504
2.17310830797807
2.16511255862952
2.15788498072892
2.15263048381007
2.14996736787672
2.14983548112793
2.15162582240920
2.15388405267310
2.15607726899480
2.15822668490799
2.16035520967709
2.16248154214899
2.16461633576347
2.16675978928416
2.16890022028190
2.17101416364760
2.17306920123690
2.17503027363694
2.17686855699897
2.17857005367331
2.18014031735451
2.18160306650944
2.18299325569301
2.18434767969721
2.18569659318346
2.18705821290717
2.18843610577366
2.18981888009647
2.19118213123246
2.19249315450739
2.19371853020098
2.19483324762656
2.19582853085472
2.19671526977878
2.19752145890799
2.19828463351371
2.19904234760635
2.19982393171451
2.20064526785253
2.20150665447781
2.20239325535245
2.20327800764720
2.20412721012922
2.20490849206109
2.20559954258686
2.20619485053566
2.20670783036917
2.20716734130632
2.20760992472129
2.20807068298042
2.20857564778869
2.20913708447193
2.20975179581596
2.21040204967335
2.21105905562969
2.21168904230459
2.21226131773836
2.21275646678835
2.21317203371196
2.21352349287719
2.21384003449176
2.21415675010699
2.21450600345120
2.21491045287283
2.21537889816309
2.21590499159590
2.21646857964241
2.21703965851254
2.21758485378310
2.21807550988934
2.21849534878179
2.21884514405300
2.21914262170952
2.21941756533797
2.21970394171901
2.22003169957701
2.22042038367050
2.22087549389829
2.22138762575166
2.22193427181978
2.22248430859374
2.22300490167868
2.22346962767152
2.22386558307081
2.22419705566101
2.22448435962992
2.22475825082632
2.22505193904114
2.22539323526217
2.22579869378362
2.22627047911363
2.22679599399385
2.22735024398454
2.22790094905528
2.22841592338365
2.22887121027023
2.22925758917325
2.22958318961096
2.22987122572440
2.23015369372489
2.23046323411503
2.23082558401812
2.23125422075555
2.23174776392374
2.23229017984394
2.23285382916435
2.23340529878682
2.23391327563855
2.23435663004377
2.23473021307192
2.23504631624589
2.23533126031919
2.23561836143870
2.23593964910919
2.23631862518566
2.23676542589111
2.23727481533278
2.23782707218575
2.23839183790105
2.23893474068305
2.23942573278273
2.23984700253101
2.24019790528843
2.24049515935470
2.24076824585866
2.24105167575586
2.24137661057042
2.24176397345693
2.24222017933344
2.24273579724018
2.24328722927391
2.24384146667510
2.24436353442956
2.24482520855631
2.24521257845228
2.24552993112762
2.24579856835749
2.24605101606359
2.24632265903359
2.24664335667394
2.24703098412719
2.24748779882460
2.24799986370906
2.24853962831227
2.24907167129287
2.24956094987326
2.24998175301661
2.25032469636923
2.25059936433902
2.25083166221832
2.25105686825159
2.25131075106888
2.25162130537427
2.25200281652577
2.25245294692545
2.25295301474950
2.25347157893320
2.25397121871228
2.25441751735961
2.25478805381341
2.25507858413610
2.25530425297965
2.25549542927586
2.25568968512515
2.25592255059372
2.25621950872834
2.25659068989054
2.25702876242824
2.25751016377508
2.25799978016690
2.25845877313094
2.25885417276381
2.25916766571324
2.25940070045579
2.25957410698376
2.25972241293520
2.25988488262511
2.26009608599289
2.26037830807442
2.26073697204789
2.26115942253090
2.26161720520333
2.26207190887327
2.26248401032480
2.26282289857592
2.26307517988617
2.26324844746783
2.26336918501062
2.26347561381012
2.26360796666624
2.26379907252925
2.26406732450004
2.26441292936893
2.26481766927423
2.26524832036155
2.26566370701503
2.26602448526722
2.26630336900292
2.26649264749987
2.26660637851487
2.26667649953249
2.26674431427336
2.26685021125460
2.26702446788342
2.26728091349016
2.26761409304076
2.26800009106730
2.26840117949216
2.26877409978635
2.26908065702242
2.26929787261898
2.26942439901527
2.26948092395410
2.26950447309280
2.26953869492078
2.26962325924700
2.26978507815133
2.27003278690432
2.27035489843044
2.27072178171709
2.27109161228931
2.27141986909957
2.27167055758425
2.27182597170503
2.27189169222458
2.27189503414298
2.27187758583765
2.27188449924247
2.27195381794298
2.27210829508935
2.27235079430880
2.27266351458635
2.27301121182500
2.27334851869978
2.27363059957708
2.27382476374880
2.27391949380726
2.27392772476820
2.27388322408230
2.27383147162628
2.27381820385321
2.27387891653967
2.27403144546319
2.27427236819845
2.27457737858001
2.27490584800021
2.27520956612803
2.27544444247318
2.27558222341478
2.27561841516604
2.27557357743952
2.27548757980209
2.27540899354469
2.27538316379647
2.27544212624224
2.27559808198307
2.27584087569125
2.27613960332374
2.27644861570363
2.27671770132342
2.27690467426975
2.27698685015400
2.27696748894162
2.27687487214316
2.27675445382723
2.27665698877283
2.27662642081944
2.27669043303826
2.27685492209861
2.27710262211911
2.27739604218935
2.27768501695721
2.27791831896493
2.27805690773147
2.27808477562939
2.27801353732227
2.27787911335800
2.27773186496787
2.27762373171420
2.27759623194714
2.27767182985946
2.27784949727555
2.27810454983809
2.27839303426607
2.27866092478376
2.27885710548799
2.27894698734275
2.27892229319544
2.27880343965813
2.27863371760796
2.27846757116612
2.27835705730346
2.27834024175604
2.27843353806546
2.27862841806841
2.27889254634109
2.27917575524296
2.27942097515938
2.27957846905526
2.27961944861405
2.27954434230435
2.27938264626162
2.27918456480576
2.27900766781421
2.27890301104320
2.27890418855118
2.27902075975010
2.27923616514243
2.27951026610988
2.27978706922405
2.28000745483435
2.28012446698929
2.28011649063349
2.27999352482568
2.27979423192201
2.27957508819784
2.27939571425263
2.27930501174959
2.27933109641311
2.27947589631034
2.27971433024800
2.27999839806317
2.28026683141353
2.28045964187394
2.28053418347792
2.28047738220211
2.28030953512333
2.28007835520655
2.27984576504407
2.27967226281619
2.27960341901282
2.27966087739432
2.27983817483088
2.28010125969483
2.28039432048035
2.28065155231650
2.28081348384882
2.28084342504267
2.28073817482672
2.28052888928857
2.28027199553228
2.28003386373266
2.27987461196148
2.27983529165393
2.27993008776693
2.28014339409507
2.28043178778871
2.28073183187606
2.28097414502336
2.28110137285213
2.28108452543428
2.28093153519673
2.28068477724205
2.28040882981704
2.28017334837611
2.28003674518589
2.28003435523978
2.28017191308900
2.28042391882803
2.28073723359690
2.28104115311504
2.28126393288761
2.28135216084843
2.28128636366470
2.28108675976031
2.28080707422955
2.28051923572730
2.28029487244937
2.28018931506040
2.28023097229780
2.28041611932023
2.28070860276761
2.28104530520163
2.28134882863898
2.28154657417779
2.28159112356780
2.28147437651422
2.28122983162575
2.28092243219094
2.28063041854687
2.28042594552294
2.28035984422457
2.28045236863663
2.28068928656020
2.28102302265864
2.28138033178211
2.28167797038716
2.28184432773517
2.28184024760198
2.28167085568748
2.28138371805016
2.28105457423993
2.28076670128138
2.28059122042141
2.28057300992398
2.28072290350967
2.28101505435889
2.28138969254195
2.28176345995520
2.28204845789908
2.28217627560464
2.28211848931107
2.28189524273094
2.28156869323740
2.28122463470596
2.28094987721995
2.28081285328128
2.28085100147555
2.28106440675070
2.28141441651980
2.28182830924044
2.28221286534741
2.28247714275250
2.28255854058345
2.28244200265370
2.28216435562765
2.28180254958336
2.28145135345283
2.28119939719559
2.28111069428430
2.28121371103988
2.28149635570506
2.28190587245228
2.28235588349837
2.28274388901166
2.28297802244675
2.28300451697538
2.28282443030747
2.28249273125558
2.28210098024998
2.28175148881892
2.28153280665517
2.28150273770384
2.28167917615437
2.28203628193294
2.28250577968853
2.28298704635246
2.28336933222016
2.28356255890635
2.28352522959068
2.28327730082180
2.28289303876099
2.28247798594233
2.28214021378439
2.28196613772305
2.28200551322867
2.28226395305998
2.28270009237000
2.28322859831364
2.28373423164466
2.28409961988211
2.28423986337081
2.28412955406303
2.28381027063228
2.28337632496964
2.28294611588708
2.28263135402057
2.28251415145850
2.28263431993671
2.28298331003839
2.28350219080323
2.28408693571761
2.28460768230253
2.28494282852092
2.28501678610499
2.28482437681381
2.28443133789727
2.28395225300097
2.28351670810124
2.28323763362132
2.28319059354082
2.28340348245089
2.28385145030137
2.28445562038728
