Zxdip_Im
1.02671760758191
1.02779793695904
1.02888669600614
1.02997828353108
1.03106533414224
1.03213818915765
1.03318518173284
1.03419392512574
1.03515354315878
1.03605736808665
1.03690519397987
1.03770402073612
1.03846667429852
1.03920866985489
1.03994454213070
1.04068493447759
1.04143509487623
1.04219472771023
1.04295884959452
1.04371932841948
1.04472963529894
1.04607904314367
1.04787198424093
1.05021109152086
1.05316010142864
1.05669443777845
1.06067653021780
1.06489727478599
1.06916580744505
1.07337727714675
1.07752334166494
1.08166786500962
1.08591873305836
1.09040714583430
1.09527107112666
1.10063487376158
1.10657928838103
1.11310551225560
1.12011331311284
1.12742026187586
1.13482567673305
1.14218331235641
1.14944096502111
1.15663879199179
1.16388548322237
1.17133088510126
1.17914084198229
1.18747063271519
1.19643165802729
1.20605263662663
1.21598779343142
1.22595162112321
1.23559756868641
1.24461830782534
1.25284548536272
1.26031567954506
1.26727499022620
1.27410328036535
1.28118974535466
1.28883167593677
1.29718739331970
1.30625955898614
1.31588804747874
1.32576421863186
1.33549051014922
1.34468451101949
1.35309169067165
1.36066345120989
1.36757426018008
1.37417008388403
1.38086453614653
1.38802679474384
1.39590169152227
1.40456759528671
1.41391830901429
1.42366894951895
1.43340404857446
1.44267714240797
1.45113757488848
1.45863738824782
1.46527886565953
1.47138555671966
1.47740548678431
1.48378496683305
1.49086195093662
1.49880222312016
1.50757086045041
1.51693012929782
1.52647385454305
1.53571353060623
1.54420706736464
1.55168890174046
1.55815259338676
1.56385533306357
1.56924145216893
1.57481371070345
1.58100339240964
1.58807911456811
1.59610037713195
1.60490447770533
1.61412678173317
1.62326876832278
1.63181775012438
1.63938986721677
1.64584562442595
1.65133449723060
1.65625143148377
1.66112074629834
1.66645289866455
1.67262497212005
1.67980878705790
1.68794135343337
1.69673013166729
1.70570130659669
1.71430232705487
1.72204580012690
1.72865051209190
1.73412742101000
1.73877816140189
1.74310599426574
1.74767323068051
1.75295873813792
1.75925627622428
1.76662200721913
1.77486231665758
1.78356196761877
1.79216453618818
1.80010584902347
1.80696927550884
1.81260918994500
1.81719626701930
1.82116744898768
1.82509936817229
1.82955356458629
1.83494558648091
1.84146386795642
1.84903603188983
1.85733650745348
1.86584272971232
1.87394905636844
1.88112326227490
1.88705870408483
1.89176657505620
1.89557362219763
1.89902631207921
1.90273809674177
1.90723528239469
1.91284420339150
1.91963091551584
1.92738670885021
1.93565966736895
1.94384319927655
1.95132095209984
1.95763498805250
1.96262005483448
1.96645384083095
1.96960468967458
1.97269703233486
1.97634518443839
1.98100998198259
1.98690709767687
1.99396723298651
2.00184296108287
2.00996918730512
2.01768599422167
2.02440793919872
2.02979015277893
2.03383104152758
2.03687327737760
2.03950351066815
2.04238934466948
2.04611193077743
2.05104030020305
2.05726171412942
2.06456270836429
2.07246104090853
2.08029959284906
2.08740209688422
2.09325637613397
2.09766360323273
2.10079797727309
2.10315516153932
2.10541012121314
2.10823774721487
2.11215474541816
2.11741559095850
2.12396488840183
2.13144103065087
2.13923811124180
2.14663604178714
2.15298368640384
2.15788263653617
2.16130527190127
2.16360305128732
2.16540334909197
2.16743497998928
2.17034490585513
2.17455728847235
2.18019264976040
2.18704244885151
2.19459877548350
2.20215118380656
2.20895281174770
2.21442134753411
2.21830821680036
2.22077276942622
2.22233458605101
2.22372385711882
2.22568651935403
2.22880837165604
2.23339624870189
2.23942060297100
2.24651363464694
2.25402985627239
2.26118166070488
2.26723730552944
2.27172659187384
2.27458004763518
2.27614930979520
2.27710304823378
2.27823979896582
2.28028563390362
2.28373476218703
2.28875514899110
2.29515448338245
2.30240487882655
2.30973984442420
2.31632991334989
2.32150400872688
2.32494422367337
2.32678068392867
2.32755178372960
2.32804767476416
2.32909740752809
2.33137155669180
2.33524548627338
2.34072985581813
2.34746075889165
2.35475579381762
2.36175255495137
2.36762194452055
2.37180026792227
2.37415638796084
2.37503029119862
2.37513102154170
2.37533585997202
2.37646532775230
2.37910133185345
2.38347630325025
2.38942822782086
2.39641740658899
2.40362007441466
2.41011169928473
2.41511105388187
2.41820699005433
2.41948161037042
2.41948393212384
2.41906790634375
2.41915899300427
2.42053078348450
2.42364637282533
2.42857411702319
2.43496722877431
2.44211175440250
2.44906437362711
2.45488048456611
2.45887727511185
2.46083698201708
2.46107152478510
2.46032681720295
2.45956788117019
2.45972704747397
2.46149460450668
2.46518780022355
2.47069247381671
2.47746880004477
2.48463720242015
2.49116604027917
2.49613983728474
2.49902512618511
2.49983140827007
2.49910573635079
2.49776796218270
2.49685425312363
2.49726223126266
2.49956535921219
2.50391083628043
2.50998616261790
2.51705504598686
2.52408949490301
2.53001046722749
2.53398611043313
2.53568071204640
2.53535560878058
2.53378627411061
2.53203386321060
2.53116195488253
2.53199332476779
2.53495417660517
2.53999984219360
2.54660654395564
2.55384438086463
2.56056413122073
2.56568951558711
2.56852963340713
2.56898945433126
2.56759547181376
2.56533273754835
2.56336315967370
2.56273250072714
2.56415115988724
2.56787047837519
2.57363407218937
2.58069760175625
2.58794851961861
2.59415460795952
2.59830051227240
2.59989348528528
2.59911377424815
2.59675367461600
2.59397746417934
2.59200157367091
2.59180933113307
2.59396436286458
2.59851775183994
2.60498337325345
2.61239207299376
2.61946976972072
2.62495100170638
2.62794541055455
2.62821220996075
2.62623060187812
2.62304584127858
2.61996093058588
2.61819743641744
2.61863387686527
2.62165571491036
2.62708981336348
2.63420445416680
2.64180846545310
2.64849949070857
2.65303971544593
2.65473089037018
2.65363123289813
2.65052946840730
2.64669739414979
2.64352814457635
2.64219841160946
2.64344275771046
2.64743939487025
2.65376775622953
2.66143790870962
2.66904910314031
2.67511773858496
2.67850426963679
2.67876922599551
2.67630680725596
2.67221104343146
2.66794102196876
2.66492595674733
2.66424928869358
2.66646590740131
2.67151886881343
2.67871741767922
2.68680595507477
2.69419922080247
2.69939404177125
2.70142698793532
2.70017970229351
2.69640620938753
2.69148583006174
2.68701450314214
2.68440099125170
2.68459041155354
2.68792508777638
2.69408488358342
2.70208694255084
2.71041063422775
2.71732690693796
2.72138906177616
2.72189132974069
2.71909039032800
2.71410810749818
2.70857311561073
2.70415912378543
2.70219844794449
2.70345694059179
2.70803292810754
2.71531372301381
2.72400471415711
2.73233282289879
2.73848416874697
2.74115726689179
2.73998490405306
2.73564025648877
2.72960303436355
2.72370011934535
2.71961860774963
2.71856155252470
2.72107853102057
2.72699195187373
2.73536518832276
2.74457724690030
2.75263172136479
2.75770866357605
2.75875003636925
2.75580252099420
2.74998091229479
2.74309333964359
2.73710087681573
2.73363816796696
2.73373123794291
2.73767897525691
2.74499317678027
2.75438013028124
2.76388720678862
2.77134515095464
2.77502643337835
2.77421955627230
2.76944973148227
2.76227858767591
2.75479341585981
2.74901584201118
2.74646469390073
2.74794694801644
2.75347656173247
2.76221500496168
2.77247836479870
2.78199251290271
2.78849148800058
2.79045621450038
2.78762393691649
2.78104711162905
2.77271643320353
2.76493031303801
2.75969230893012
2.75834799866836
2.76144825394236
2.76868461368746
2.77882180808832
2.78975658399074
2.79892627774060
2.80407281481819
2.80401468892473
2.79903276287251
2.79073439709035
2.78149634084479
2.77374414983287
2.76938517568186
2.76954257731385
2.77447656463181
2.78351139957715
2.79496158087577
2.80628605554392
2.81469755899489
2.81807913920235
2.81572252228723
2.80853300510825
2.79867443817562
2.78884045009680
2.78148876385309
2.77835854531729
2.78031026403807
2.78727716127017
2.79815955319140
2.81076306570289
2.82211092393048
2.82929370118640
2.83049421158877
2.82561160771940
2.81623554476139
2.80505714027778
2.79499274233991
2.78843323815540
2.78688880472179
2.79092422881689
2.80010170258372
2.81282507762093
2.82633285684078
2.83724801602237
2.84268494617248
2.84130334220468
2.83373383100395
2.82228243602444
2.81010350479903
2.80022110932369
2.79486477764068
2.79526944297647
2.80167422644166
2.81321071976262
2.82769543725492
2.84175256067275
2.85168842988168
2.85483120701553
2.85050300635062
2.84017109453675
2.82685447274617
2.81406960003322
2.80482022376964
2.80109350217183
2.80381816450440
2.81287341560191
2.82687613946894
2.84294715810387
2.85707733615363
2.86540222093211
2.86569182996750
2.85811295832760
2.84504704275371
2.83017920723520
2.81725090208193
2.80911600025877
2.80745987852115
2.81288668091330
2.82486652745639
2.84138310845434
2.85874281836647
2.87233648786157
2.87834638742044
2.87523818508067
2.86419078840264
2.84854010855905
2.83436813634016
2.83205736356504
2.84606823094344
2.87777928328093
2.92155955778154
2.96504861200969
2.99793968813306
3.01702390148748
3.02335072222232
3.01927312555597
3.00781865198224
2.99305671256137
2.98009990567601
2.97421745245032
2.97961509675875
2.99843293921042
3.02960045571182
3.06783823834885
3.10508699965839
3.13451752000445
3.15289862246604
3.15992536114559
3.15703630862470
3.14713638075502
3.13468996152030
3.12511288379137
3.12331838199225
3.13242487743260
3.15313354818512
3.18331986129570
3.21618574336297
3.23876898970100
3.24386781805065
3.22855649834744
3.19809298290391
3.16504540477073
3.14008483398110
3.12681368051476
3.12469483103585
3.13223880489159
3.14786757747046
3.16942030621525
3.19327112375368
3.21404345800437
3.22574164699717
3.22397886401617
3.20823342759278
3.18303231544242
3.15619992465787
3.13454064526740
3.12135649068065
3.11721477895362
3.12141901705515
3.13261020315854
3.14855125006575
3.16570264269664
3.17937870108174
3.18493900103837
3.17955913097249
3.16367507636978
3.14124688160382
3.11810668212722
3.09924866800762
3.08736327725429
3.08316117180429
3.08617638059745
3.09511552436957
3.10772483010576
3.12063515250574
3.12977125024251
3.13150956401448
3.12407783110683
3.10846383574032
3.08823919157562
3.06807715440443
3.05185434102280
3.04171966778182
3.03828687072857
3.04111391362150
3.04889273500047
3.05936590213639
3.06935748685671
3.07533259825661
3.07447919121079
3.06580407551017
3.05066249380711
3.03233580485070
3.01471283108950
3.00089159771146
2.99257269603876
2.99020287106956
2.99327462009389
3.00042272048766
3.00939074763835
3.01720318318180
3.02081206917521
3.01808057497512
3.00862318027308
2.99405210986137
2.97740916546753
2.96199892736433
2.95033562783285
2.94374855457752
2.94250081027649
2.94597935288967
2.95274218615143
2.96054125279260
2.96660705425880
2.96833927146026
2.96417929871555
2.95422951297723
2.94028126198686
2.92516231549278
2.91171236043050
2.90198498710516
2.89699700136388
2.89682898826468
2.90074497846088
2.90722043431403
2.91402756569727
2.91861038512534
2.91878708891511
2.91350398760227
2.90326088004735
2.88996802914028
2.87625159046042
2.86456353363358
2.85657991831837
2.85304915168159
2.85387577298762
2.85819466822550
2.86440172823539
2.87030541911041
2.87357286686062
2.87241842413178
2.86623476000420
2.85584654013165
2.84323378397803
2.83082674020153
2.82074294807265
2.81433972849698
2.81212996644051
2.81384950090492
2.81850387726149
2.82441834918483
2.82945687953696
2.83152076476938
2.82920234084713
2.82229140091247
2.81187652005588
2.79996603955512
2.78879676876907
2.78019066383289
2.77522931302742
2.77421449230083
2.77672007023061
2.78162579543140
2.78719970513955
2.79138294721596
2.79232267689035
2.78897330989088
2.78147840559370
2.77113736023827
2.75995128794310
2.74996470196645
2.74273357922887
2.73909592708458
2.73916038684581
2.74234467631114
2.74740910801743
2.75258160565973
2.75590393198185
2.75578062936963
2.75151315760577
2.74355910173020
2.73338119946500
2.72294260241680
2.71409640804453
2.70815595885927
2.70573997045937
2.70677697181386
2.71053364999478
2.71565979961329
2.72036354489768
2.72281179662227
2.72167714230894
2.71659286798659
2.70829296093350
2.69836025355172
2.68869336581748
2.68095516403828
2.67623519327253
2.67495119544436
2.67686077981426
2.68108446533799
2.68617307161622
2.69033812810025
2.69189671953132
2.68979864128682
2.68399281466730
2.67545313571706
2.66584270743792
2.65697280379404
2.65031780425266
2.64675882131501
2.64652620130589
2.64921289519767
2.65379841401377
2.65874899363370
2.66230537522496
2.66295973779171
2.65994619457650
2.65351153420322
2.64483357422110
2.63561885454862
2.62757196096935
2.62198114333429
2.61953156973260
2.62027587125340
2.62364643690366
2.62848785846133
2.63319930674694
2.63607882072987
2.63581788748904
2.63193949195736
2.62496848827104
2.61625078934065
2.60750233960737
2.60030494140198
2.59576359488466
2.59437745477080
2.59602782512299
2.59998917562571
2.60497888161766
2.60934995747615
2.61148771808116
2.61030585140551
2.60561775375832
2.59820416985327
2.58954331855830
2.58132929771073
2.57500806288812
2.57150456884780
2.57113947928150
2.57362634280467
2.57808361560026
2.58311149731145
2.58704134788635
2.58837714191689
2.58627571929260
2.58083898647619
2.57307880618519
2.56457001474470
2.55695647094819
2.55153801234293
2.54906279620405
2.54967814761679
2.55293104356243
2.55778585621593
2.56273873224769
2.56612756477402
2.56660719166914
2.56359598315628
2.55747861946944
2.54947060057318
2.54120801546999
2.53425907685179
2.52976973984126
2.52831430928533
2.52986953241958
2.53381504624197
2.53896393593072
2.54372523996149
2.54647520316238
2.54605185975534
2.54215027774326
2.53542797655331
2.52727392049011
2.51935077049417
2.51312879828496
2.50959446798732
2.50915047120002
2.51160330552825
2.51616305042331
2.52149611682589
2.52594589655113
2.52796219908154
2.52659793083365
2.52183617168068
2.51459282605777
2.50639762064604
2.49890625916586
2.49347198053838
2.49091787384477
2.49147610573543
2.49478079310597
2.49986941275498
2.50526919128311
2.50928444989250
2.51047672995575
2.50814395980245
2.50256404428470
2.49489204149241
2.48676353206047
2.47979543310305
2.47520807110335
2.47365848371830
2.47520777159588
2.47931311306319
2.48483630421810
2.49017692129241
2.49363234744018
2.49391631202875
2.49059945209459
2.48425615958588
2.47625646956093
2.46830520696977
2.46195095598788
2.45826836442909
2.45774633895553
2.46027224488497
2.46511947891388
2.47097205927937
2.47611873173874
2.47888784392103
2.47818717492879
2.47388430261842
2.46684596986206
2.45862803719499
2.45096695495056
2.44531628167227
2.44259509268694
2.44312196452001
2.44660523829195
2.45212571046989
2.45818979053495
2.46299875520325
2.46495550179147
2.46320403424749
2.45792861019606
2.45027776163186
2.44195920465529
2.43470325811510
2.42984512376712
2.42814086868082
2.42973561014879
2.43415029108821
2.44026287619420
2.44640618484564
2.45072510329383
2.45174590277716
2.44889002850723
2.44267258566605
2.43450632686453
2.42621244189026
2.41947825362197
2.41550101326095
2.41486819367742
2.41754647595138
2.42285756711575
2.42946586452742
2.43554034860357
2.43920928905301
2.43917554564939
2.43517684143246
2.42806660129553
2.41949674868066
2.41135986714977
2.40526544584080
2.40225711350422
2.40274918807251
2.40652207316043
2.41268271633788
2.41967207333164
2.42551291741097
2.42836598959965
2.42716708797621
2.42200513360196
2.41407147681541
2.40522439049732
2.39738314048545
2.39204773808725
2.39009636876712
2.39176559269949
2.39663773291794
2.40358580993893
2.41082027149109
2.41624550201488
2.41811321906201
2.41565000005157
2.40932533436290
2.40065902519951
2.39167511165095
2.38427364269100
2.37981780257121
2.37901197235098
2.38190897772722
2.38787614607292
2.39553023232877
2.40284954653334
2.40766036587118
2.40837275208709
2.40456143253556
2.39709854561095
2.38781258953841
2.37884547332184
2.37203273954054
2.36857860772519
2.36900798249173
2.37318098146557
2.38022677239768
2.38848145595888
2.39569838288391
2.39968044585239
2.39907096211696
2.39384750890252
2.38529778696045
2.37552782811620
2.36674324595846
2.36067247592006
2.35834444840374
2.36010040212133
2.36559382453288
2.37368530905040
2.38240592063189
2.38930411668009
2.39222988579034
2.39014016917014
2.38346506450081
2.37390951195680
2.36381365301480
2.35538814822532
2.35021663550946
2.34914240480123
2.35231860217153
2.35917091046159
2.36825303079405
2.37726995592692
2.38360278685584
2.38523510949761
2.38152056101658
2.37338390437005
2.36293545531713
2.35269344058472
2.34481301149115
2.34070240347747
2.34101446944695
2.34570728305114
2.35394761776418
2.36393611183498
2.37303896720063
2.37852959313773
2.37862655924147
2.37316276027482
2.36358955217030
2.35239470066003
2.34220642786570
2.33506532650300
2.33218258866958
2.33402027737584
2.34032881855766
2.34997202173992
2.36074475095637
2.36967690043499
2.37401999520858
2.37234113769307
2.36503113086828
2.35408655076262
2.34232604857400
2.33240950457046
2.32620947798893
2.32472877558951
2.32824081837275
2.33626625405456
2.34730571298018
2.35869242246166
2.36714647474737
2.37001185889893
2.36632572825189
2.35710815593012
2.34490250531411
2.33279086965248
2.32337969326885
2.31833003258116
2.31843579980054
2.32378348297101
2.33362712737279
2.34602477300635
2.35779557480056
2.36541061674221
2.36644895232810
2.36054211052357
2.34940016346066
2.33609300950115
2.32387665622361
2.31521767033174
2.31153649560895
2.30926778532840
2.31061909843714
2.31442660149138
2.31893382143369
2.32197457324335
2.32143027322490
2.31590491365523
2.30538690793505
2.29149903851701
2.27691627585547
2.26416062456640
2.25471357722233
2.24893834845074
2.24642321653361
2.24627447379506
2.24724012408564
2.24776422666559
2.24611948454633
2.24073779188598
2.23077714754972
2.21675379423390
2.20070384157353
2.18536773626769
2.17289337713422
2.16418007220483
2.15907348576612
2.15680706217747
2.15627936657053
2.15614720205264
2.15486410575577
2.15496864144740
2.15280075732563
2.14799839578498
2.14091478186372
2.13253899671018
2.12415846505972
2.11693374452951
2.11161170525656
2.10845652314170
2.10731951287060
2.10774319687609
2.10905572782232
2.11046816708305
2.11120217974995
2.11065216559757
2.10854411912565
2.10502399467234
2.10061906155231
2.09607299386643
2.09212533491484
2.08932933272829
2.08795937001694
2.08799857675795
2.08917203110957
2.09100428463751
2.09290210669939
2.09426909514943
2.09464235483880
2.09381582993113
2.09190213397154
2.08930010558265
2.08657539622782
2.08430212791199
2.08292510397627
2.08267766587056
2.08355578866719
2.08533278983612
2.08760446050023
2.08986500080275
2.09161336339687
2.09247422263035
2.09229942409114
2.09121127207208
2.08956667564721
2.08785379170663
2.08656093676627
2.08606253515972
2.08654806150846
2.08799616499032
2.09018557919383
2.09273790825702
2.09519250306939
2.09710880680192
2.09817656693561
2.09830071703930
2.09762879494685
2.09650807645838
2.09538785036892
2.09470284936107
2.09477436137371
2.09574892709618
2.09757654993509
2.10002346604824
2.10271728419979
2.10522394733045
2.10714831000877
2.10823570772740
2.10844232713807
2.10794772393509
2.10710342403796
2.10633653991295
2.10604231901946
2.10649651218302
2.10780292502071
2.10987738875065
2.11246515726563
2.11519090791566
2.11763940181798
2.11945509179909
2.12043554078843
2.12058780899840
2.12012639740203
2.11941280700730
2.11885882690543
2.11882590761420
2.11954699704348
2.12108251201660
2.12331100948737
2.12595283596290
2.12862643003406
2.13093332704657
2.13255662923553
2.13334579936230
2.13335885232996
2.13284587664845
2.13217968875814
2.13175847758108
2.13191122290867
2.13282824668497
2.13452547987262
2.13684250312801
2.13947354202771
2.14203087675592
2.14413415086582
2.14550684765803
2.14605141449812
2.14587673115441
2.14526743435815
2.14460630340395
2.14427672256670
2.14457414103533
2.14564511653772
2.14745992341623
2.14981852869926
2.15238971926071
2.15478196974557
2.15663647406619
2.15772027123418
2.15799034332276
2.15760578245963
2.15688336005264
2.15621267656362
2.15595936900484
2.15638300140934
2.15758462558234
2.15948788182587
2.16185342968286
2.16432678028542
2.16651659269422
2.16809038542923
2.16886259852749
2.16884617825704
2.16824899069632
2.16741635908975
2.16674033980912
2.16656485577218
2.16711057580629
2.16843112806811
2.17040291231456
2.17274848453023
2.17509348598764
2.17705197492938
2.17832337833976
2.17877352877667
2.17847227173669
2.17767390856514
2.17674774356013
2.17608309225867
2.17599763392682
2.17666987129456
2.17810417467115
2.18012958534556
2.18243264061760
2.18462359936746
2.18632806409914
2.18728337945625
2.18741054075261
2.18683649315732
2.18585869905322
2.18486505231190
2.18423638738062
2.18425935227415
2.18506699486273
2.18661283660883
2.18867901022393
2.19091899603620
2.19293312803354
2.19436539939088
2.19499720728725
2.19480798542084
2.19398109132763
2.19285295742550
2.19182401089383
2.19126054352731
2.19141332651363
2.19236679617740
2.19402238004108
2.19611638633868
2.19827308254216
2.20008921749132
2.20123452409222
2.20154046825257
2.20104749593906
2.19999371523264
2.19874946832965
2.19772114343650
2.19725427014815
2.19755897150908
2.19866813931918
2.20043028140571
2.20253766086544
2.20459007449806
2.20618782731896
2.20703407494610
2.20701603642386
2.20623688345259
2.20498679161854
2.20366415417137
2.20267436346670
2.20233593350131
2.20281372235015
2.20408642257963
2.20594928125090
2.20805305921864
2.20997874880595
2.21133808158512
2.21187548261926
2.21153908615837
2.21049551489542
2.20908329104740
2.20772228971535
2.20680967957511
2.20663075779252
2.20730070254167
2.20874167574955
2.21069587441931
2.21277594365451
2.21455068389078
2.21565177402598
2.21587275079056
2.21522713034896
2.21394462061291
2.21240734524025
2.21104946586702
2.21025253216859
2.21026252989528
2.21114076707141
2.21275090347208
2.21478293237435
2.21681570396588
2.21841341299211
2.21923676432863
2.21913607254382
2.21819383506980
2.21670130922027
2.21507847460670
2.21376605438586
2.21312249432447
2.21334851668547
2.21444760664183
2.21622335989550
2.21831515228591
2.22027339858657
2.22166626036572
2.22219299360217
2.22176799394286
2.22054531220077
2.21887498479375
2.21720815148255
2.21598393485950
2.21553016418831
2.21599650218176
2.21732490481058
2.21925781983691
2.22138645590524
2.22323930426977
2.22439805265946
2.22461034463471
2.22386139841196
2.22237820718239
2.22056553921232
2.21889810678901
2.21780491634092
2.21757569026875
2.21830338572645
2.21986499204213
2.22194129489690
2.22407881054173
2.22579188175726
2.22668624287220
2.22656790424101
2.22549887025446
2.22377913248863
2.22186284271740
2.22023987882451
2.21932035277009
2.21934843104132
2.22035486603280
2.22214853777693
2.22434875765126
2.22646202794665
2.22799769044377
2.22859694734489
2.22813409415014
2.22675287952661
2.22482487800927
2.22284697620973
2.22131508040319
2.22061143000132
2.22092724066939
2.22222568896619
2.22424475962201
2.22654335395254
2.22859404574504
2.22991179031541
2.23018547343277
2.22936729292350
2.22768644984371
2.22558309211918
2.22358891448990
2.22219607736530
2.22174983517647
2.22238109950326
2.22398021993227
2.22621195298616
2.22857694130628
2.23052155493874
2.23157850074471
2.23149720182493
2.23031679094493
2.22835413222616
2.22611324216094
2.22415147214991
2.22294692844473
2.22279867172849
2.22376996468413
2.22567320385256
2.22809817907188
2.23049079306791
2.23228080160485
2.23303234737487
2.23256866255926
2.23102393871099
2.22880316765448
2.22646775977060
2.22459042679589
2.22362447815739
2.22381349116346
2.22514570622358
2.22735059213302
2.22994203503718
2.23231640236081
2.23389852211710
2.23429915970206
2.23342875596009
2.23152341913424
2.22907474016029
2.22669324904433
2.22495568621812
2.22427948196754
2.22484334547560
2.22655303411238
2.22905033617815
2.23177338013385
2.23407626652310
2.23539288633935
2.23539719304510
2.23409999929281
2.23184452911379
2.22920523238114
2.22683169477451
2.22529245255188
2.22495770876071
2.22593177551010
2.22803032795480
2.23080307212525
2.23361398182374
2.23578464049908
2.23677445011432
2.23633828066568
2.23459980000723
2.23201247480641
2.22922747472116
2.22692165345182
2.22564236186096
2.22570100659591
2.22711774523809
2.22961038748249
2.23263272003005
2.23547809587355
2.23744825943462
2.23804711491531
2.23712900730345
2.23494174098395
2.23204965631640
2.22917196901229
2.22699941691734
2.22604459487211
2.22654831980528
2.22843647985133
2.23132104438598
2.23455693658335
2.23737294351297
2.23906702432210
2.23920909027550
2.23777188872054
2.23513684698011
2.23197690112435
2.22906804308433
2.22710010120372
2.22653690133068
2.22753658993319
2.22992015110518
2.23318559830612
2.23658741582953
2.23929909849928
2.24063466153438
2.24025387000359
2.23826657269157
2.23519485367060
2.23181467837884
2.22894497994704
2.22725871303075
2.22715659601116
2.22870159267531
2.23159843987865
2.23522309108955
2.23873004635997
2.24125080192330
2.24213938779788
2.24117125991246
2.23861109287270
2.23512550189692
2.23158431429763
2.22883314449339
2.22751122721029
2.22794155546327
2.23007872524064
2.23349898375183
2.23744844477754
2.24098499175405
2.24321630282553
2.24356467848139
2.24194852904943
2.23880321373961
2.23493987142181
2.23130921404651
2.22876512422250
2.22789568480993
2.22893121289086
2.23170373165512
2.23564769249733
2.23987245227167
2.24334668809081
2.24517821158006
2.24489012166218
2.24257166721394
2.23884185777426
2.23465175336987
2.23101610704404
2.22877690068343
2.22845332800170
2.23016754969340
2.23361332396344
2.23806887079618
2.24250159027293
2.24580379370929
2.24711396537367
2.24609247826433
2.24302686141805
2.23872869443492
2.23427912328356
2.23073637970222
2.22890914598282
2.22922988352291
2.23169618506845
2.23584579590127
2.24078525448780
2.24533778518733
2.24833922606932
2.24899649136399
2.24714698765707
2.24330219418054
2.23846988741888
2.23384572962172
2.23050754039090
2.22920868966509
2.22975876775983
2.23379653011627
2.24074154938732
2.24929705248937
2.25769797143692
2.26419007418185
2.26757115743285
2.26754025447545
2.26471002903829
2.26032045395250
2.25581805822698
2.25248540174083
2.25121930950236
2.25243889586478
2.25605500588904
2.26146935734384
2.26763791140666
2.27326130499553
2.27711552031568
2.27843099812472
2.27715335494165
2.27394782414990
2.26994067906875
2.26634039929221
2.26412448756945
2.26387952993519
2.26575901020089
2.26948869183847
2.27439451078351
2.27948500387183
2.28415538096361
2.28566117277217
2.28346520838132
2.27798053209409
2.27046895228873
2.26262530251871
2.25604967664380
2.25186140009792
2.25055669764303
2.25204082027040
2.25572475308378
2.26063692266368
2.26556720644946
2.26927865036928
2.27078375774261
2.26961571502043
2.26598203452124
2.26071200225110
2.25500199276758
2.25006814588172
2.24685001946282
2.24584643427289
2.24707509912590
2.25010864815784
2.25415873331326
2.25821313391141
2.26123722026272
2.26241955782968
2.26139512991241
2.25835859065286
2.25400990235057
2.24934646271251
2.24538622814871
2.24292506929107
2.24238907380227
2.24378342231621
2.24671231508995
2.25045474845737
2.25409943336105
2.25673907286257
2.25769395987221
2.25669992133064
2.25398803149289
2.25021774473804
2.24628621974284
2.24308805209721
2.24130753662298
2.24128988835283
2.24299411871676
2.24601196639769
2.24964511107102
2.25304286652110
2.25539268465410
2.25612627718070
2.25507783302524
2.25253337489322
2.24914783447477
2.24576035330887
2.24317667270811
2.24198704244187
2.24245534425417
2.24448106546144
2.24762396735661
2.25118799370256
2.25436474235459
2.25642182815501
2.25689316827332
2.25570964289135
2.25321964743418
2.25008903548110
2.24711784071700
2.24503905303558
2.24435743622662
2.24525550061783
2.24756681909681
2.25081004821407
2.25428258697986
2.25721130306604
2.25893887346107
2.25909806823932
2.25771532683579
2.25520342496698
2.25224449893452
2.24960678261922
2.24795707662485
2.24771805176094
2.24899036116185
2.25153854046045
2.25483662112001
2.25817333371696
2.26081043081796
2.26216595771379
2.26197124953376
2.26034707644809
2.25776923080792
2.25493574274861
2.25258392041819
2.25131566017017
2.25147202362194
2.25307106659125
2.25580718570377
2.25910986013160
2.26226136456763
2.26456210871353
2.26550891552485
2.26493277267272
2.26304690681371
2.26038629630294
2.25766086553305
2.25557410521534
2.25466131952443
2.25518088384372
2.25706758730198
2.25994614124955
2.26320417237350
2.26612275341218
2.26804740438294
2.26855879144112
2.26758893688699
2.26544063169848
2.26270223738811
2.26008919331402
2.25826604869117
2.25769818984153
2.25855950395302
2.26070118116532
2.26368007211183
2.26684674943376
2.26948858227177
2.27100436125753
2.27106435243810
2.26970258644607
2.26730728572525
2.26451277154247
2.26203203347235
2.26048426866962
2.26026079968455
2.26144900673030
2.26381668427092
2.26685594277147
2.26988688461883
2.27221238165132
2.27329367478366
2.27289639678211
2.27115667995086
2.26854270172396
2.26572598488233
2.26340806818086
2.26215571609917
2.26228171556064
2.26378502502585
2.26635092499711
2.26941118617684
2.27226361004378
2.27423708832807
2.27486498596269
2.27401358326944
2.27192002022739
2.26912559098348
2.26632918171378
2.26421124580809
2.26327875524932
2.26376147272917
2.26556832913207
2.26830377198186
2.27134492853870
2.27397691143965
2.27556614684187
2.27572787443884
2.27443343745959
2.27201850225429
2.26908931864759
2.26636144217041
2.26448426608298
2.26389759205483
2.26474384038324
2.26684075881847
2.26971455231880
2.27269473506643
2.27506468471245
2.27624060021592
2.27592906922023
2.27420975135601
2.27151284910346
2.26850015786198
2.26589255939511
2.26429828684966
2.26408273407783
2.26529694520617
2.26766689503845
2.27064416960898
2.27351909609064
2.27558551653843
2.27632211118035
2.27553569365684
2.27341609204631
2.27048247449136
2.26744162720065
2.26500794241134
2.26373842213227
2.26391704776279
2.26549981662168
2.26812102504047
2.27116243424730
2.27388507169063
2.27560659615182
2.27588109784429
2.27462360500356
2.27213436507964
2.26901433603637
2.26600370912894
2.26379825555477
2.26289380637028
2.26348620944077
2.26543317404154
2.26827822578323
2.27133942738743
2.27385992885009
2.27519559956106
2.27498882470513
2.27326966349664
2.27044726631197
2.26719560485877
2.26427578779437
2.26235264942064
2.26185110723012
2.26287246408592
2.26517339853839
2.26820854922941
2.27123992072287
2.27350580514948
2.27441557879466
2.27371247972748
2.27154696523316
2.26843366641253
2.26510922900551
2.26234242147235
2.26075474884959
2.26069070089724
2.26215094704933
2.26478898859861
2.26797363408705
2.27092018331150
2.27287672984802
2.27332217718090
2.27211253780594
2.26952231205443
2.26616617348061
2.26283160312118
2.26028113625850
2.25908056475477
2.25948467161494
2.26138774751917
2.26433869389311
2.26762495918164
2.27042641393887
2.27201726107193
2.27196244527527
2.27024169984672
2.26725522398241
2.26371020036979
2.26043169899155
2.25816162704233
2.25739774351900
2.25829607180107
2.26063915399522
2.26387077297336
2.26720318672252
2.26979424180976
2.27096216512316
2.27037466317794
2.26814479290673
2.26479786384179
2.26112389552890
2.25797100812330
2.25604571119352
2.25576550785451
2.25717881275691
2.25995149191176
2.26342283410847
2.26673810118303
2.26904884445711
2.26973673013064
2.26858880084255
2.26585930122364
2.26219557912862
2.25845867539762
2.25550407308765
2.25398785132319
2.25423513389419
2.25617805758355
2.25936143712379
2.26302214541857
2.26624903473094
2.26820556861839
2.26835758255364
2.26662746160499
2.26341634668893
2.25948785880056
2.25576014544429
2.25307937387373
2.25203598988288
2.25285068861568
2.25533082729764
2.25889652289734
2.26268615328830
2.26574553055550
2.26727081785463
2.26683378140710
2.26450709430145
2.26084191812368
2.25670952033442
2.25306923220711
2.25074040991322
2.25023255588924
2.25164990727982
2.25466671896666
2.25857575001704
2.26242312460555
2.26522816643335
2.26624312402907
2.26516809334681
2.26223935970216
2.25815821956690
2.25389198189544
2.25042337904700
2.24852681691626
2.24861545889323
2.25066500214647
2.25420851006045
2.25841007777983
2.26223270109253
2.26468933460620
2.26511420160993
2.26335825136432
2.25983246243792
2.25538495909257
2.25106446614289
2.24785767159561
2.24647541033281
2.24721899998821
2.24992336813315
2.25397266101388
2.25840285132041
2.26210646110671
2.26411409902390
2.26387012182548
2.26139833624251
2.25729257892163
2.25254070918258
2.24825526012209
2.24540600963160
2.24462125077798
2.24607475052172
2.24944820239840
2.25396970359375
2.25855014291291
2.26202846494942
2.26348110131799
2.26249256644056
2.25928023420157
2.25462534319045
2.24964430580963
2.24549301174052
2.24310232035418
2.24299873753066
2.24521242820027
2.24925908194706
2.25420458502740
2.25884109953765
2.26197587729911
2.26276359291407
2.26096020521002
2.25699516756831
2.25183733074306
2.24671618804195
2.24280793434608
2.24098164419047
2.24164251479617
2.24466049259139
2.24937217948580
2.25467663605875
2.25925797696022
2.26191937242954
2.26193031715892
2.25924994425664
2.25453507889080
2.24893737539608
2.24377957439106
2.24023287348582
2.23908110488061
2.24058824874853
2.24444657544330
2.24980030029973
2.25537941338093
2.25977617122855
2.26182366060774
2.26094658203981
2.25733836124715
2.25189414972341
2.24593796182888
2.24086168713542
2.23780441954146
2.23744090331881
2.23987335890291
2.24459776440535
2.25055271190659
2.25630038664534
2.26036422688945
2.26164811936245
2.25977550378832
2.25520331113054
2.24907044963671
2.24285672611722
2.23799510913891
2.23556419177951
2.23610548614533
2.23953786384124
2.24514091611314
2.25163498603657
2.25742073607966
2.26098411294273
2.26134780506713
2.25837964973171
2.25282585913518
2.24606779962450
2.23971808544666
2.23521923765289
2.23356019941113
2.23512471544691
2.23962508059879
2.24610266876837
2.25304850016173
2.25871492748736
2.26159145315129
2.26087453939581
2.25672277776587
2.25019225464597
2.24289760892616
2.23655483537901
2.23258176283348
2.23184827274625
2.23455507448073
2.24018223571643
2.24750925638779
2.25478978414306
2.26015033511898
2.26213601746390
2.26017836230245
2.25477192204542
2.24729613275277
2.23958081551366
2.23340981029706
2.23014023457614
2.23049358279782
2.23446084909235
2.24126084531150
2.24938594794698
2.25684957827642
2.26168683755672
2.26256242758295
2.25920931716909
2.25249979174131
2.24414092933076
2.23614998505192
2.23033776360657
2.22796396524526
2.22781921318084
2.22889533921120
2.23033403555688
2.23123559781423
2.23080417134044
2.22850724845827
2.22424299469671
2.21845559033491
2.21209484269428
2.20635773266416
2.20229628029762
2.20049367452052
2.20095353687798
2.20318486492531
2.20637394636700
2.20955803978120
2.21177927129570
2.21223857161509
2.21047126932010
2.20652681800899
2.20106704603683
2.19525979290666
2.19042978829754
2.18761577916810
2.18727194612874
2.18922535779266
2.19281810300981
2.19710497613320
2.20103280012398
2.20359819109380
2.20576841914594
2.20793303874559
2.21011106945370
2.21229228051598
2.21444038170743
2.21649870460759
2.21840044049742
2.22008422822723
2.22151226215698
2.22268449724474
2.22364205159473
2.22445703859971
2.22521289077942
2.22598376129940
2.22682018923987
2.22774295934269
2.22874309909106
2.22978564560042
2.23081661708737
2.23177385280552
2.23260149888541
2.23326530491880
2.23376361469036
2.23412920075910
2.23442049935080
2.23470560706299
2.23504536082497
2.23548088258876
2.23602745793550
2.23667377678541
2.23738510740142
2.23811001625852
2.23879083138662
2.23937701986467
2.23983851205292
2.24017451738830
2.24041413790855
2.24060816039892
2.24081513698080
2.24108688154230
2.24145759672600
2.24193820386702
2.24251538562481
2.24315452681014
2.24380637657121
2.24441735592282
2.24494222813398
2.24535599753056
2.24566099591797
2.24588627831180
2.24607935885253
2.24629337583709
2.24657413483168
2.24695047415972
2.24742922295435
2.24799448465610
2.24861079325932
2.24923007593189
2.24980208514773
2.25028660234187
2.25066412529870
2.25094134004639
2.25114919394589
2.25133419393960
2.25154611193987
2.25182611056231
2.25219816237961
2.25266475617099
2.25320672292555
2.25378693942142
2.25435785102698
2.25487217342349
2.25529468602173
2.25561171106235
2.25583494312836
2.25599810718465
2.25614764225814
2.25633071413297
2.25658423227574
2.25692726827115
2.25735761406939
2.25785235569306
2.25837234096533
2.25887039426683
2.25930229670564
2.25963808025649
2.25987019129730
2.26001560350793
2.26011103277937
2.26020298541716
2.26033604564061
2.26054275463676
2.26083704289237
2.26121172847261
2.26163997847233
2.26208065735680
2.26248725775986
2.26281905704164
2.26305173432545
2.26318406355989
2.26323825325710
2.26325376499237
2.26327682399086
2.26334906738312
2.26349833516569
2.26373315995458
2.26404127111950
2.26439202580269
2.26474268135578
2.26504797648771
2.26527128465007
2.26539433310693
2.26542227093465
2.26538222585913
2.26531584809085
2.26526846190580
2.26527822018563
2.26536788706608
2.26554042462753
2.26577854389700
2.26604814166760
2.26630547799491
2.26650727763586
2.26662165165108
2.26663668491742
2.26656376091879
2.26643438515377
2.26629164233001
2.26617921236967
2.26613119550176
2.26616496299017
2.26627786343315
2.26644783655554
2.26663785706930
2.26680394573290
2.26690561402232
2.26691630013020
2.26683061113172
2.26666583338037
2.26645713784237
2.26624818362580
2.26608024107383
2.26598284243851
2.26596775491572
2.26602681197171
2.26613358283374
2.26624879281152
2.26632905987442
2.26633746836917
2.26625326545199
2.26607757456205
2.26583308275013
2.26555779485353
2.26529505154210
2.26508299448455
2.26494617219727
2.26489066183911
2.26490301111486
2.26495294260623
2.26499969400697
2.26500133831650
2.26492525325690
2.26475683365672
2.26450354105049
2.26419281829453
2.26386460773469
2.26356105985996
2.26331655587981
2.26315036148782
2.26306290136601
2.26303578231267
2.26303549732895
2.26302060830994
2.26295148034901
2.26280040540188
2.26255910860333
2.26224105136709
2.26187767851079
2.26150995105026
2.26117801565119
2.26091196926322
2.26072561789373
2.26061388293407
2.26055386918028
2.26050952421870
2.26043956440646
2.26030743454053
2.26009084139942
2.25978786492157
2.25941748694551
2.25901432704267
2.25861945921920
2.25827029807760
2.25799224837125
2.25779359290665
2.25766399555475
2.25757657364417
2.25749345913454
2.25737435012402
2.25718648686615
2.25691335855691
2.25655927311641
2.25614813488437
2.25571686881953
2.25530579662823
2.25494897071955
2.25466680948751
2.25446211202306
2.25431961211108
2.25420901528454
2.25409139661316
2.25392823851474
2.25369120470462
2.25336979997793
2.25297429087579
2.25253281171143
2.25208370807553
2.25166574671237
2.25130909039284
2.25102898610262
2.25082287795702
2.25067096657409
2.25054016888780
2.25039127764775
2.25018832578940
2.24990792999635
2.24954570537192
2.24911747845067
2.24865484906002
2.24819670594591
2.24777953320189
2.24742918162112
2.24715564011552
2.24695120406206
2.24679199768307
2.24664281121023
2.24646493526867
2.24622566887065
2.24590700336269
2.24551062103366
2.24505739617778
2.24458157868015
2.24412175256570
2.24371147420678
2.24337196186324
2.24310794710297
2.24290685262080
2.24274123340161
2.24257445057782
2.24236906652476
2.24209630007764
2.24174382336462
2.24131921119174
2.24084776997961
2.24036555438070
2.23991003785530
2.23951129562530
2.23918568931945
2.23893277453519
2.23873543780277
2.23856322310208
2.23837878681588
2.23814672279498
2.23784274882060
2.23746040078155
2.23701284141489
2.23652910864600
2.23604620286385
2.23559973923366
2.23521585098174
2.23490590891521
2.23466444700285
2.23447020927953
2.23429033242882
2.23408751656900
2.23382912351338
2.23349586163822
2.23308718435901
2.23262141200648
2.23213054192897
2.23165166674431
2.23121786382407
2.23085095584740
2.23055727653261
2.23032655930232
2.23013385749585
2.22994455060991
2.22972214845449
2.22943747726340
2.22907662584845
2.22864488247146
2.22816517726172
2.22767163923509
2.22720062360959
2.22678206745233
2.22643320888052
2.22615537733928
2.22593379279682
2.22574032701305
2.22553929875284
2.22529580214803
2.22498476930418
2.22459794443147
2.22414622784071
2.22365649960569
2.22316415413347
2.22270401669087
2.22230236998272
2.22197168653924
2.22170840337835
2.22149358096640
2.22129647742739
2.22108109160329
2.22081487346288
2.22047742845433
2.22006629528396
2.21959761807735
2.21910146933731
2.21861362244428
2.21816663825395
2.21778272328276
2.21746949556595
2.21721868955349
2.21700762590493
2.21680358249776
2.21657101675214
2.21628048569468
2.21591674077408
2.21548310653756
2.21500045779683
2.21450121486014
2.21402064603065
2.21358838311369
2.21322223520657
2.21292497274600
2.21268389390586
2.21247307464118
2.21225850936436
2.21200592278889
2.21168968890406
2.21130005253519
2.21084595278644
2.21035233793831
2.20985306414634
2.20938203511214
2.20896537835516
2.20861629122100
2.20833279460028
2.20809810075791
2.20788361141823
2.20765479973997
2.20737948302831
2.20703649060368
2.20662176337425
2.20614950575115
2.20564794947145
2.20515143045727
2.20469167400589
2.20429083215773
2.20395738605201
2.20368480514220
2.20345265227945
2.20323031079254
2.20298355603035
2.20268311189767
2.20231279956741
2.20187428024120
2.20138649105840
2.20088003511157
2.20038875241677
2.19994145375151
2.19955596147668
2.19923605526323
2.19897095007828
2.19873708985791
2.19850258532096
2.19823438282645
2.19790689065640
2.19750931633317
2.19704886355654
2.19654848581867
2.19604014395267
2.19555622120600
2.19512197566356
2.19475067849151
2.19444154356009
2.19417993728829
2.19393982210196
2.19368886693917
2.19339608881999
2.19304027637008
2.19261623311420
2.19213630401822
2.19162655956894
2.19111923634444
2.19064434865060
2.19022308978724
2.18986410335918
2.18956230318529
2.18929973282244
2.18904861999758
2.18877710834569
2.18845717827578
2.18807256584884
2.18762365668994
2.18712729535211
2.18661160891032
2.18610799253331
2.18564326583165
2.18523419928894
2.18488488529172
2.18458634316746
2.18431794704513
2.18405105905925
2.18375527768751
2.18340638850411
2.18299345558249
2.18252216329281
2.18201296957292
2.18149486111810
2.18099728551505
2.18054317335837
2.18014468600535
2.17980161023327
2.17950162591852
2.17922223795737
2.17893493276730
2.17861177728913
2.17823309160665
2.17779339571262
2.17730309137441
2.17678512374254
2.17626804702117
2.17577832164595
2.17533445940993
2.17494402109005
2.17460291363767
2.17429620090785
2.17400047916047
2.17368846022585
2.17333568095512
2.17292753314691
2.17246380589474
2.17195871117785
2.17143634084908
2.17092348512219
2.17044269565682
2.17000774302975
2.16962181013772
2.16927754453419
2.16895830904349
2.16864092321411
2.16830051353355
2.16791699703563
2.16748109734854
2.16699730677998
2.16648240798887
2.16596012700076
2.16545418444057
2.16498248388654
2.16455396985703
2.16416789897973
2.16381449921047
2.16347656272361
2.16313244600601
2.16276091583525
2.16234699180369
