Zyquad_Im
0.955550236913422
0.954069436117865
0.952583391694134
0.951104152252341
0.949644408182970
0.948217470794958
0.946836493435439
0.945512957234385
0.944254702502619
0.943064070637322
0.941936872239314
0.940862761232774
0.939827129424860
0.938814033401771
0.937809272806917
0.936802775720948
0.935789820984697
0.934771050807581
0.933751491284406
0.932738889285377
0.931479646004255
0.929912401921874
0.927976196662392
0.925620470048814
0.922818549855243
0.919579792954559
0.915952547210031
0.912012322082807
0.907838155386965
0.903488196047355
0.898984899079504
0.894312684882218
0.889424676953044
0.884254101713482
0.878727930622785
0.872782016089691
0.866376659251860
0.859509365366781
0.852219303074563
0.844578730643107
0.836672033301735
0.828569981848691
0.820309399418030
0.811884508308610
0.803250009041155
0.794332386131748
0.785045924968736
0.775311218027794
0.765074228632941
0.754322490626783
0.743354961912809
0.732320337260188
0.721386268696327
0.710698949019632
0.700342727262642
0.690313710796468
0.680517600409900
0.670794148347263
0.660960355061368
0.650857522017708
0.640388944573337
0.629541992871968
0.618392755244073
0.607091753591115
0.595830464868623
0.584793892674667
0.574111387738504
0.563820750270052
0.553857160133386
0.544070606749945
0.534266243260940
0.524254997120714
0.513900386488823
0.503151589988990
0.492057679765795
0.480760208517655
0.469463041407945
0.458383178686238
0.447693891461796
0.437476774937258
0.427698048580618
0.418216881795415
0.408822988598380
0.399291393766670
0.389438304875300
0.379164773840563
0.368480604602525
0.357504959291798
0.346442043800539
0.335533814093379
0.324998731328530
0.314972830252066
0.305471263832590
0.296382888896242
0.287499691067582
0.278571417410724
0.269368631183912
0.259737575829165
0.249635852971233
0.239143654225417
0.228448323214176
0.217802724080891
0.207463712192709
0.197625055940693
0.188364182878332
0.179619714051151
0.171207206130663
0.162867910516525
0.154335091092825
0.145399037671622
0.135955814166143
0.126031499145133
0.115778424912473
0.105442683124924
0.0953065890998002
0.0856174988953306
0.0765217436742375
0.0680238172008860
0.0599840586683678
0.0521555809910821
0.0442484969834500
0.0360021497971817
0.0272467987219053
0.0179425381667343
0.00818962686588945
-0.00179181641331158
-0.0117112789179558
-0.0212784664383757
-0.0302785475796760
-0.0386305163417471
-0.0464102768239875
-0.0538309341522705
-0.0611867730914828
-0.0687784118487096
-0.0768399977130638
-0.0854849996655675
-0.0946799022537131
-0.104249713307855
-0.113915702705738
-0.123360628343155
-0.132308356530031
-0.140597017745144
-0.148223613532246
-0.155345765008265
-0.162240123928098
-0.169230800346614
-0.176609007064134
-0.184564314621592
-0.193141201833250
-0.202227620342439
-0.211577860154474
-0.220867820191474
-0.229773552162055
-0.238054766857069
-0.245619613133315
-0.252550483573038
-0.259082572788831
-0.265542271028949
-0.272264483129150
-0.279511719619568
-0.287413334108577
-0.295935527197808
-0.304886718680523
-0.313958803817093
-0.322799040418729
-0.331098199078195
-0.338672057771127
-0.345511804474231
-0.351787303604348
-0.357802355733296
-0.363916319227802
-0.370455213231232
-0.377634819540650
-0.385511215014431
-0.393966551680156
-0.402732878810598
-0.411452129336935
-0.419762499303751
-0.427391305398148
-0.434228164654687
-0.440355732833587
-0.446028229018531
-0.451604938327959
-0.457459327757471
-0.463888904484756
-0.471046387148538
-0.478904367874751
-0.487258934822131
-0.495773183997336
-0.504055329956255
-0.511756135169361
-0.518660604060668
-0.524746573655607
-0.530191601662730
-0.535326212940456
-0.540548646103955
-0.546226366433066
-0.552609439214103
-0.559773304929893
-0.567600060182473
-0.575801749418476
-0.583984203187680
-0.591741487902198
-0.598759636119991
-0.604900669057711
-0.610240815020908
-0.615050782662438
-0.619724877259578
-0.624681167778757
-0.630260556998009
-0.636648021452666
-0.643830056926550
-0.651594826525128
-0.659576628966684
-0.667339843067034
-0.674486580968748
-0.680760812337580
-0.686117996130589
-0.690738078618317
-0.694978033084278
-0.699279571888416
-0.704059731457918
-0.709612579883527
-0.716042172476723
-0.723237370844445
-0.730892914140908
-0.738576080082570
-0.745829390799002
-0.752286917128686
-0.757772012774416
-0.762346100619116
-0.766292928641175
-0.770044006286819
-0.774068991926727
-0.778762125780519
-0.784351313272991
-0.790846150717673
-0.798032577544516
-0.805516703104005
-0.812813939829036
-0.819467764702727
-0.825168767486262
-0.829838729153393
-0.833652857393347
-0.836993408748936
-0.840350374117697
-0.844199648526555
-0.848890795815706
-0.854567747229820
-0.861134846654501
-0.868273648042636
-0.875510979813227
-0.882329797268995
-0.888299773878253
-0.893192037409657
-0.897042318317455
-0.900142135823040
-0.902961715850989
-0.906029837061289
-0.909805527287610
-0.914572374571683
-0.920374540204002
-0.927003508883849
-0.934039227226461
-0.940943313489980
-0.947189539842196
-0.952400464386709
-0.956449989226360
-0.959498815601176
-0.961951674146589
-0.964351351146496
-0.967242882696361
-0.971044742650703
-0.975954420564173
-0.981902977377288
-0.988565070019051
-0.995426449356862
-1.00190233658155
-1.00748384573907
-1.01187340348185
-1.01506690970944
-1.01735576527666
-1.01924912496433
-1.02134264461113
-1.02417310360751
-1.02809488470439
-1.03320094012068
-1.03929880293651
-1.04594645119791
-1.05254782331776
-1.05849513134935
-1.06332575896886
-1.06684800870196
-1.06919483210757
-1.07078820619448
-1.07222743853052
-1.07413782522338
-1.07702223118943
-1.08114818684044
-1.08648779538702
-1.09271800005892
-1.09928487170475
-1.10552813814547
-1.11084457449556
-1.11484809738550
-1.11747658315726
-1.11900990045701
-1.11999432863416
-1.12110001990171
-1.12295598070030
-1.12600513259345
-1.13040668705813
-1.13599813112015
-1.14232263890598
-1.14872428409634
-1.15450150446046
-1.15908674866936
-1.16220080592774
-1.16393118120191
-1.16470851319610
-1.16519094133872
-1.16609577164127
-1.16802795756359
-1.17134474773949
-1.17607729480439
-1.18191769054757
-1.18827663857300
-1.19441175412828
-1.19960832137154
-1.20336819500727
-1.20554804264927
-1.20640014336476
-1.20650316097635
-1.20660874185513
-1.20745407698957
-1.20959130011783
-1.21326710409123
-1.21836695493019
-1.22443027832867
-1.23074176242398
-1.23649414402172
-1.24099254496974
-1.24384339547164
-1.24506541151250
-1.24508474756927
-1.24461844128094
-1.24448789610221
-1.24542022993136
-1.24788572306875
-1.25199690555992
-1.25747843267749
-1.26371394369370
-1.26987446295501
-1.27511573134853
-1.27879988569505
-1.28067310369303
-1.28093795314817
-1.28019658517043
-1.27928784797337
-1.27907448946353
-1.28024180773653
-1.28314953142369
-1.28775403631607
-1.29360701450293
-1.29993814555980
-1.30582379521355
-1.31041692021879
-1.31317702069602
-1.31402355454565
-1.31335889363857
-1.31195564779562
-1.31075130519945
-1.31061777950741
-1.31216585161443
-1.31561678690537
-1.32075073969260
-1.32693787570767
-1.33326165225383
-1.33873013455167
-1.34253374145148
-1.34427148579808
-1.34406620516071
-1.34252881828892
-1.34058882912362
-1.33925318909116
-1.33936801622216
-1.34143663253484
-1.34551501900933
-1.35118931465688
-1.35764402043055
-1.36383113031980
-1.36872465907667
-1.37159807394510
-1.37223213598398
-1.37097786353990
-1.36865510646187
-1.36632865957920
-1.36504061888448
-1.36557454102224
-1.36829362241428
-1.37306302463933
-1.37925984097496
-1.38588430460711
-1.39177992515388
-1.39592906331712
-1.39773800219806
-1.39720955506500
-1.39494057511545
-1.39195101412401
-1.38941168481488
-1.38836142853451
-1.38948354956165
-1.39296903260130
-1.39846813409334
-1.40513737721229
-1.41180108036892
-1.41722665209577
-1.42045517888241
-1.42107805066978
-1.41935624930369
-1.41614123515722
-1.41263453930818
-1.41007679766502
-1.40946227766540
-1.41133609263446
-1.41568560049554
-1.42192375244463
-1.42897959685514
-1.43551856152600
-1.44027476114611
-1.44240565452065
-1.44174039798940
-1.43882766626018
-1.43477191217697
-1.43092800083565
-1.42856436972271
-1.42858761166627
-1.43136685719811
-1.43665501680818
-1.44360748352086
-1.45092513519994
-1.45714214567539
-1.46101322417744
-1.46187573532479
-1.45984701535217
-1.45578392217253
-1.45103074553006
-1.44705819604828
-1.44511602788559
-1.44597925263608
-1.44980342622045
-1.45607663839044
-1.46367948586361
-1.47109234017319
-1.47675838842307
-1.47951797960947
-1.47895569282343
-1.47552221557477
-1.47039170120434
-1.46512291006304
-1.46125668283599
-1.45997464451989
-1.46187616723843
-1.46686553332277
-1.47413602848992
-1.48228071185041
-1.48957820008692
-1.49443545412581
-1.49585393649590
-1.49373366487988
-1.48889534728455
-1.48282607544784
-1.47726145640328
-1.47376004726204
-1.47338439949267
-1.47651422249187
-1.48276409322014
-1.49100316054550
-1.49953101773952
-1.50645758859726
-1.51022424380045
-1.51007773222511
-1.50629908467902
-1.50010380776522
-1.49327245889707
-1.48766830878031
-1.48481046675974
-1.48559115869270
-1.49012603659218
-1.49769998541311
-1.50683023270453
-1.51552713675691
-1.52178281569845
-1.52416008660417
-1.52224100159663
-1.51674636176408
-1.50929601962331
-1.50192842348568
-1.49657529370920
-1.49465655166376
-1.49684319196263
-1.50294096875075
-1.51186274006749
-1.52174949623788
-1.53034123219292
-1.53558437878084
-1.53626590065295
-1.53239500295405
-1.52517956723702
-1.51663504412017
-1.50900603633002
-1.50422583994207
-1.50355499608878
-1.50739254811811
-1.51518531944027
-1.52542905894684
-1.53587107717150
-1.54402008210094
-1.54787290046567
-1.54655667270297
-1.54059633769994
-1.53171780545132
-1.52358122299673
-1.52836939954969
-1.55132389417888
-1.59439206536094
-1.65115370183363
-1.70711690042959
-1.75008452176128
-1.77651267324655
-1.78843845358500
-1.78963753717144
-1.78425170442538
-1.77667943095805
-1.77161856531670
-1.77385627908895
-1.78771542977458
-1.81594978949265
-1.85782754468241
-1.90747125892588
-1.95550391857205
-1.99404799648878
-2.01982733568849
-2.03340431075229
-2.03739279796727
-2.03544895079097
-2.03187153242836
-2.03125048194864
-2.03791960920789
-2.05521394360765
-2.08448371040652
-2.12392408262893
-2.16686741971651
-2.19627673840924
-2.20287932390071
-2.18308929598196
-2.14366640664913
-2.10036818894112
-2.06692015226889
-2.04847753878025
-2.04477016102179
-2.05402308118486
-2.07415107013000
-2.10219661387430
-2.13325158796277
-2.16015591102596
-2.17500985378665
-2.17208713166911
-2.15075583053221
-2.11691774864303
-2.08071876091375
-2.05111511668643
-2.03264676073192
-2.02625174325993
-2.03108807623512
-2.04532778873791
-2.06591757776977
-2.08807912341683
-2.10556468374787
-2.11223736376985
-2.10438956922212
-2.08261760783457
-2.05212504609856
-2.02057201925941
-1.99459758930359
-1.97788125523780
-1.97147248928940
-1.97478876057253
-1.98607627109830
-2.00226823057395
-2.01882710903274
-2.03031824346106
-2.03194068458481
-2.02136202533039
-1.99989853366177
-1.97226410522865
-1.94463867435642
-1.92220546592370
-1.90790161574834
-1.90261002802112
-1.90575582919501
-1.91556058387327
-1.92896179397736
-1.94169109420772
-1.94903547086212
-1.94726534557337
-1.93507260850330
-1.91425719473288
-1.88916271540264
-1.86495494929418
-1.84579307641991
-1.83400300085876
-1.83022266894732
-1.83377552007668
-1.84280549949642
-1.85425993869698
-1.86414680293066
-1.86840341879012
-1.86419377246300
-1.85101145696108
-1.83099687850812
-1.80818611927696
-1.78698430032430
-1.77077803146335
-1.76138747006786
-1.75919027423280
-1.76335977566293
-1.77193798859203
-1.78189086484297
-1.78950793327019
-1.79132382942750
-1.78526874252409
-1.77148155715344
-1.75234171371803
-1.73160948534666
-1.71308185389336
-1.69953296661107
-1.69235709145678
-1.69167686494655
-1.69649531203051
-1.70474585422005
-1.71342786996168
-1.71912054678195
-1.71891637906948
-1.71141523023824
-1.69728280496424
-1.67905890255974
-1.66024318327893
-1.64412349536586
-1.63296995583249
-1.62781058784869
-1.62852402782785
-1.63393671109772
-1.64187803301105
-1.64940110969805
-1.65338607108502
-1.65145303594649
-1.64279439641414
-1.62850756570557
-1.61122831073601
-1.59420227065262
-1.58027654175655
-1.57129403057055
-1.56796095742318
-1.56992345474518
-1.57583257564646
-1.58342595320305
-1.58983516039184
-1.59225483780735
-1.58880829220271
-1.57921562584818
-1.56492600634053
-1.54861673276004
-1.53328177065810
-1.52137721057090
-1.51437496641607
-1.51269250221907
-1.51575374736830
-1.52204023848482
-1.52921590781830
-1.53451885007158
-1.53547292921970
-1.53068343581209
-1.52034115839165
-1.50617734813196
-1.49086395640465
-1.47714383172074
-1.46711983977457
-1.46193493560850
-1.46174224712287
-1.46575237385644
-1.47228672820363
-1.47895837154613
-1.48314240129965
-1.48270667427909
-1.47671858531958
-1.46578739246597
-1.45186406562440
-1.43757448347352
-1.42541052413297
-1.41715150068492
-1.41364317362033
-1.41479215233251
-1.41960351574253
-1.42625117789448
-1.43232433344447
-1.43536713503887
-1.43360527796686
-1.42654827250901
-1.41517443737900
-1.40159758020696
-1.38836208689980
-1.37770935370649
-1.37111898714297
-1.36916352731574
-1.37151580342663
-1.37698275010273
-1.38360676104002
-1.38898393540093
-1.39086030760687
-1.38783146913516
-1.37982786160130
-1.36814893820240
-1.35501886181514
-1.34286987677830
-1.33369408220648
-1.32869075028115
-1.32817700807344
-1.33160077375546
-1.33757854645556
-1.34404084289554
-1.34862484709123
-1.34931128637498
-1.34507514246752
-1.33624457456836
-1.32439288240634
-1.31180590785839
-1.30077751692428
-1.29305248440233
-1.28956543132052
-1.29039082239960
-1.29475769549432
-1.30110100228031
-1.30726307022780
-1.31095935709319
-1.31043728715020
-1.30505746728330
-1.29551989987662
-1.28362460658798
-1.27167397764140
-1.26180139424893
-1.25550697160706
-1.25347309704501
-1.25554006662160
-1.26072218102820
-1.26728382455255
-1.27300722837142
-1.27572583245611
-1.27398414255647
-1.26753072458756
-1.25740841717723
-1.24559681513581
-1.23437323037580
-1.22569232073310
-1.22081265973402
-1.22017374951147
-1.22338658795890
-1.22925394565876
-1.23588366722755
-1.24103066654917
-1.24268797820067
-1.23972512519116
-1.23227647535828
-1.22169524745363
-1.21009349736310
-1.19968542791754
-1.19223230979217
-1.18875439459479
-1.18945463257825
-1.19371653804269
-1.20013463161516
-1.20667827599491
-1.21111267312917
-1.21163321646589
-1.20745908512823
-1.19910324726543
-1.18819323012779
-1.17692674327771
-1.16742060679791
-1.16123126540851
-1.15914353190713
-1.16112710111693
-1.16633734613249
-1.17316500418718
-1.17946401677758
-1.18305225435656
-1.18237049366136
-1.17700804846240
-1.16784373966099
-1.15673971935929
-1.14593329727760
-1.13741356613112
-1.13252349468618
-1.13181448969270
-1.13502320101328
-1.14107439933491
-1.14816193627828
-1.15405331094868
-1.15666593502370
-1.15472822433400
-1.14821507040637
-1.13835240627064
-1.12719390366927
-1.11697176726153
-1.10952107228432
-1.10596491367417
-1.10662190259270
-1.11099274363664
-1.11776816724970
-1.12495585910663
-1.13027256601063
-1.13178604985490
-1.12855270690748
-1.12094252920748
-1.11050346899785
-1.09943459546174
-1.08992034894562
-1.08361958487086
-1.08143072369721
-1.08343815240241
-1.08890067540479
-1.09627161651110
-1.10338856221189
-1.10796049795539
-1.10825943615662
-1.10370693272770
-1.09507079475403
-1.08418931216877
-1.07335844796977
-1.06467501982758
-1.05960344042368
-1.05881347274518
-1.06215117293841
-1.06862463445421
-1.07644781790782
-1.08331124490613
-1.08696673036659
-1.08594638828614
-1.08006961918791
-1.07049707106803
-1.05931904441365
-1.04887839249460
-1.04114799804872
-1.03738329730618
-1.03802131720603
-1.04266236396112
-1.05005258207215
-1.05816770445024
-1.06458282804750
-1.06715070341864
-1.06471992424343
-1.05753452645451
-1.04713448474860
-1.03581732735726
-1.02592240992030
-1.01926658281525
-1.01688494952319
-1.01897657684872
-1.02488470311085
-1.03308061399040
-1.04130810965993
-1.04706865026003
-1.04838099381650
-1.04446544466952
-1.03601010786674
-1.02491145067839
-1.01362350094345
-1.00443266648708
-0.998972390657950
-0.998048496816577
-1.00161453832662
-1.00874099662943
-1.01761092824856
-1.02575010957859
-1.03063958469804
-1.03053508303998
-1.02508081446038
-1.01541950677042
-1.00377132839006
-0.992691040270846
-0.984365055628996
-0.980221024259561
-0.980827895632864
-0.985882516240336
-0.994162293835853
-1.00355002824139
-1.01137778424524
-1.01517167959858
-1.01349965514368
-1.00647692372213
-0.995700929498157
-0.983672401538002
-0.972987392671753
-0.965689193985465
-0.962982199042376
-0.965190868828114
-0.971739096654275
-0.981086372275468
-0.990807105217704
-0.998077359360626
-1.00054626315432
-0.997171349767891
-0.988578623240059
-0.976808259530435
-0.964588058253517
-0.954494096691639
-0.948388777446659
-0.947240220790025
-0.951119040458204
-0.959153408101520
-0.969456191544383
-0.979292595247299
-0.985736754349013
-0.986650521522978
-0.981457959108236
-0.971325983798317
-0.958711840681573
-0.946507130029486
-0.937207169699390
-0.932462283105394
-0.932994769878792
-0.938608185481009
-0.948104255841802
-0.959218181085876
-0.968916836925576
-0.974245453143963
-0.973378444563712
-0.966279963544897
-0.954675752452049
-0.941399320050236
-0.929434347076260
-0.921137773548159
-0.917924046285074
-0.920262009737336
-0.927668571226411
-0.938579100753694
-0.950320470660433
-0.959589066845070
-0.963494948986131
-0.960632391246968
-0.951572631883826
-0.938603168876411
-0.924876714031392
-0.913391128059946
-0.906313403680431
-0.904805949653243
-0.909076200308744
-0.918325468234925
-0.930572923217755
-0.942711207684324
-0.951216938991836
-0.953379892908050
-0.948325387228087
-0.937288770434427
-0.923104194347394
-0.909169820810976
-0.898416928485046
-0.892779877412255
-0.893160006633266
-0.899492039754084
-0.910619963941000
-0.924087169865253
-0.936337377008870
-0.943707056012414
-0.943800393888270
-0.936384582167639
-0.923402442220461
-0.908198363027083
-0.894326196091799
-0.884571381661045
-0.880604329434213
-0.883061977473258
-0.891587713068998
-0.904609865783024
-0.919128588457381
-0.931144061676085
-0.936966369903478
-0.934665240836961
-0.924755626745554
-0.909913336697313
-0.893931953817095
-0.880417567838402
-0.871937268835081
-0.869879352269576
-0.874616187020938
-0.885468713410242
-0.900370681811424
-0.915708208779395
-0.927074695963944
-0.930904980033188
-0.925896574179925
-0.913408460113210
-0.896852091605669
-0.880381741466803
-0.867543039301138
-0.860624700126374
-0.860728650373268
-0.867961803908467
-0.881272401868527
-0.897996460782815
-0.913840515989573
-0.924072452773236
-0.925440280306818
-0.917435969978070
-0.902344441132452
-0.884286397287873
-0.867659331944613
-0.855833363470250
-0.850776987298183
-0.847176539419883
-0.848617538604066
-0.853478816924766
-0.859325269905159
-0.863185013694910
-0.862172938036751
-0.854390665446206
-0.839805990193335
-0.820581286324668
-0.800305349885213
-0.782407106806921
-0.768961527841162
-0.760540965141758
-0.756637838872760
-0.756047862650792
-0.757046351361641
-0.757481359372060
-0.754974456755534
-0.747382730309368
-0.733564502781257
-0.714210927231766
-0.692042649713077
-0.670735416498216
-0.653218025431628
-0.640778793922273
-0.633279294305501
-0.629718041101806
-0.628601218865639
-0.628079867051720
-0.626019802916690
-0.626333066733963
-0.623434709426275
-0.616835918432906
-0.607033363946354
-0.595389301598773
-0.583682099518124
-0.573541841212504
-0.566051877491915
-0.561626988598860
-0.560084408856597
-0.560779655278419
-0.562745706754161
-0.564844281249194
-0.565958546162502
-0.565226757383440
-0.562262977165363
-0.557275110962321
-0.551008091651102
-0.544516301366029
-0.538858691550293
-0.534840112507419
-0.532870276064632
-0.532934993358121
-0.534638643043744
-0.537289560490863
-0.540025956074063
-0.541986258350549
-0.542506184421975
-0.541292241467200
-0.538506471158697
-0.534719568727978
-0.530743479838551
-0.527408256417770
-0.525363577408421
-0.524955024746393
-0.526180586005208
-0.528709704452340
-0.531951284347229
-0.535168442083356
-0.537635438670357
-0.538811902338604
-0.538486181666096
-0.536835215384243
-0.534373165153398
-0.531805247107243
-0.529840952571020
-0.529028260164270
-0.529646748383822
-0.531666253430181
-0.534762109448402
-0.538380111399584
-0.541848938024184
-0.544530272505901
-0.545977149203772
-0.546054012708373
-0.544974651980021
-0.543241000148532
-0.541504204665408
-0.540397371064249
-0.540390932706417
-0.541700411543668
-0.544252298213600
-0.547703054960941
-0.551507638201124
-0.555034232804752
-0.557710904911526
-0.559171075730570
-0.559352979338129
-0.558516739050135
-0.557171101573668
-0.555935948229835
-0.555387369710587
-0.555928923335573
-0.557712681925139
-0.560614446478581
-0.564260200963099
-0.568101652422301
-0.571535585457996
-0.574048265401122
-0.575348784691975
-0.575448622726716
-0.574658228427871
-0.573500932863839
-0.572574651272448
-0.572406241992057
-0.573336253866112
-0.575452639363415
-0.578576498492799
-0.582298128946138
-0.586061504590861
-0.589289139152147
-0.591524062822736
-0.592550455849923
-0.592453039662527
-0.591593353421525
-0.590511012592016
-0.589784189919780
-0.589892251107564
-0.591113027687783
-0.593469030434759
-0.596724594259262
-0.600432925805821
-0.604030532309036
-0.606967502140128
-0.608845913096348
-0.609526382520219
-0.609166605195016
-0.608177633613345
-0.607113338121694
-0.606530316026269
-0.606858863151507
-0.608312537983101
-0.610846975363976
-0.614169163527351
-0.617796459931277
-0.621161337980326
-0.623746235178724
-0.625216564403458
-0.625511379336893
-0.624860307528571
-0.623720437109378
-0.622655384111910
-0.622195914612425
-0.622719859561053
-0.624374098625222
-0.627046224086258
-0.630386611752975
-0.633880069031901
-0.636960732751804
-0.639150010396730
-0.640181876536367
-0.640075676523997
-0.639130861912598
-0.637845469710609
-0.636786644453961
-0.636453621162592
-0.637167440141773
-0.639005644780489
-0.641787138542621
-0.645107670300928
-0.648424510414928
-0.651180843143521
-0.652944788192329
-0.653524333638866
-0.653020318337338
-0.651798688092819
-0.650391974239918
-0.649363455007041
-0.649174319491751
-0.650084108217133
-0.652098486958548
-0.654967713176476
-0.658236119954115
-0.661339945749065
-0.663740083811201
-0.665059704075704
-0.665185980857292
-0.664301465591277
-0.662833993563195
-0.661342986496049
-0.660379671988737
-0.660360280190281
-0.661478102015033
-0.663664732182143
-0.666602632501971
-0.669789151878835
-0.672647335553521
-0.674665409275881
-0.675530120227332
-0.675212350595068
-0.673975389489913
-0.672303093152786
-0.670773222972887
-0.669916275224018
-0.670096490091797
-0.671436335278762
-0.673791642073665
-0.676778830094451
-0.679853926104775
-0.682435831474626
-0.684050426956830
-0.684456419805052
-0.683711986910441
-0.682158854934543
-0.680329823221816
-0.678811681568527
-0.678105239348836
-0.678515783316436
-0.680090698718645
-0.682608975336575
-0.685623737864701
-0.688556605429063
-0.690832491178199
-0.692025716751734
-0.691974900413920
-0.690827941896372
-0.689001304945354
-0.687068525070708
-0.685615516535292
-0.685104337274779
-0.685774545606776
-0.687594593036327
-0.690266264109386
-0.693283226941932
-0.696040891879651
-0.697981345893783
-0.698738376533660
-0.698237772007805
-0.696718242908651
-0.694665854874994
-0.692685640997611
-0.691352291594040
-0.691080060334253
-0.692036267472303
-0.694107060015592
-0.696917472219563
-0.699906756352065
-0.702453632451559
-0.704029423818128
-0.704338422430254
-0.703399910130800
-0.701543006787077
-0.699316805862561
-0.697347674084782
-0.696188412819771
-0.696196515247715
-0.697460868621105
-0.699782495821982
-0.702711076223887
-0.705637815846650
-0.707935615179369
-0.709117874198128
-0.708970204683771
-0.707610536413225
-0.705456383389912
-0.703111875075175
-0.701213733940565
-0.700281998874292
-0.700608598521602
-0.702198143236040
-0.704764345730915
-0.707784014163652
-0.710608148375140
-0.712616072938220
-0.713376733575200
-0.712767401100387
-0.711008409559852
-0.708601937891327
-0.706197785236213
-0.704431349866879
-0.703778912594306
-0.704458219035170
-0.706384144287589
-0.709181645921590
-0.712258412281050
-0.714934697415539
-0.716609865203867
-0.716922320714118
-0.715850582239498
-0.713719523163582
-0.711110467025282
-0.708708204429269
-0.707134537975682
-0.706810939440997
-0.707872556250743
-0.710139500706721
-0.713147414469702
-0.716240098563584
-0.718718295320000
-0.720016359585560
-0.719856286868756
-0.718326383487883
-0.715856359653712
-0.713099320441936
-0.710763139820644
-0.709443266634373
-0.709495302857670
-0.710963594334197
-0.713568961285777
-0.716758241309328
-0.719818309235978
-0.722043547169485
-0.722919506982418
-0.722265846578750
-0.720287833192200
-0.717518269159639
-0.714672812570997
-0.712469381439787
-0.711463921233336
-0.711935118948563
-0.713828534874548
-0.716761768641061
-0.720094680752033
-0.723066187260832
-0.724979500601796
-0.725388689624149
-0.724224756584306
-0.721815395727229
-0.718792527910584
-0.715923279453229
-0.713921555039502
-0.713290336983356
-0.714220372343292
-0.716550687424199
-0.719792484895622
-0.723222093769998
-0.726041745551795
-0.727580794639875
-0.727480046978582
-0.725794753257293
-0.722978441510882
-0.719755788949378
-0.716932494785302
-0.715203497960119
-0.715005108443370
-0.716429115979246
-0.719200536539703
-0.722721967653125
-0.726191641703517
-0.728788997429308
-0.729888987490256
-0.729237977773258
-0.727027149169609
-0.723836853867548
-0.720475650987605
-0.717773189913766
-0.716389722378743
-0.716680961999995
-0.718628704193798
-0.721836823196459
-0.725598368906604
-0.729041339317080
-0.731339193665843
-0.731934025758161
-0.730696793465614
-0.727964568884981
-0.724442752515473
-0.721012323855753
-0.718510653753264
-0.717546935853935
-0.718382150406451
-0.720877007159015
-0.724507581900915
-0.728458096682761
-0.731797107824930
-0.733712101907953
-0.733735780525588
-0.731882438180685
-0.728642733570067
-0.724842247256616
-0.721420313494669
-0.719204344981133
-0.718735557703231
-0.720165811130089
-0.723223554225230
-0.727251092891109
-0.731326717282875
-0.734473822579847
-0.735917332683588
-0.735305654705915
-0.732814271026270
-0.729092277364542
-0.725077189800736
-0.721750080379036
-0.719909455345012
-0.720011151228195
-0.722083189390650
-0.725710492110608
-0.730096633158241
-0.734219688663796
-0.737076251947640
-0.737955607196584
-0.736648149930401
-0.733506793559595
-0.729340480227625
-0.725186822180850
-0.722049589728759
-0.720678359094422
-0.721425716883215
-0.724180676960381
-0.728373320725135
-0.733065010856491
-0.737142937434941
-0.739599922819392
-0.739820013797906
-0.737762441872617
-0.733971367869533
-0.729412960519488
-0.725209365772101
-0.722365797452006
-0.721561987995152
-0.723028876259365
-0.726500687371112
-0.731241430181213
-0.736168926809345
-0.740093348840618
-0.742031996811752
-0.741497336958141
-0.738644037327239
-0.734217986842354
-0.729335383333857
-0.725183609485755
-0.722746132637884
-0.722611184005493
-0.724868976862776
-0.729082373958398
-0.734338433678419
-0.739413161447353
-0.743059174110381
-0.744352156753758
-0.742969442632519
-0.739286476505840
-0.734257042136163
-0.729135124268244
-0.725150440475446
-0.723239923106059
-0.723877971311869
-0.726994050375921
-0.731962122732243
-0.737682252782117
-0.742794591098482
-0.746020403513802
-0.746533575689074
-0.744214795621282
-0.739683147664876
-0.734101151372890
-0.728842956108523
-0.725154397413451
-0.723899847454568
-0.725416816904807
-0.729452665495638
-0.735173839349455
-0.741284979789841
-0.746302080574686
-0.748949164622107
-0.748544020245384
-0.745210141198919
-0.739829225663934
-0.733767047464833
-0.728494770796139
-0.725245275150747
-0.724783449524287
-0.727285904149479
-0.732294680354922
-0.738749038683420
-0.745152566843485
-0.749916357736554
-0.751810284490074
-0.750347228324314
-0.745932468780229
-0.739723820303017
-0.733277594576550
-0.728133399567321
-0.725479843084035
-0.725954756704541
-0.729548414848052
-0.735571839798656
-0.742716664238904
-0.749284300321169
-0.753609871113846
-0.754562033962384
-0.751904573287792
-0.746361253362153
-0.739372321024309
-0.732663938661016
-0.727810583359029
-0.725923770461251
-0.726650110031727
-0.729781229723830
-0.734498934732577
-0.739658865464402
-0.744014961662168
-0.746502755972142
-0.746530649956332
-0.744181839528338
-0.740220186090992
-0.735858467530019
-0.732374907061431
-0.730752630302379
-0.731474914342856
-0.734488255541588
-0.739269488511743
-0.744941569816207
-0.750425713638924
-0.754642667349258
-0.756763284840663
-0.756462635530390
-0.754076915528662
-0.750550458880654
-0.747145980820454
-0.745041595914870
-0.745009017924768
-0.747280602778622
-0.751576510147286
-0.757209495755855
-0.763216816946074
-0.768518216425337
-0.772955707051543
-0.775855517082580
-0.777002717952826
-0.776565253008668
-0.775044514160808
-0.773137236705272
-0.771555492525544
-0.770863822452595
-0.771373726305171
-0.773105142466597
-0.775804753110925
-0.779007894953517
-0.782135021227629
-0.784613272379130
-0.786004848932518
-0.786112488888893
-0.785029370190283
-0.783113591081777
-0.780892994456402
-0.778931247444354
-0.777696362793496
-0.777464364380981
-0.778272828969407
-0.779924388250044
-0.782034147875404
-0.784113294097779
-0.785677253530994
-0.786358604406844
-0.785997222391936
-0.784680568795593
-0.782719674683562
-0.780567403077160
-0.778704706615283
-0.777528075580449
-0.777265215371066
-0.777932910253174
-0.779339724107267
-0.781130102042571
-0.782862760616852
-0.784110761550152
-0.784562925647768
-0.784100803660335
-0.782828168861699
-0.781042886998261
-0.779159502556522
-0.777606210667844
-0.776724960169757
-0.776697749513839
-0.777511466894929
-0.778964350306029
-0.780711385347722
-0.782341313144404
-0.783471628110593
-0.783840791514222
-0.783373382701728
-0.782198624922606
-0.780615993733762
-0.779018323669649
-0.777795269028295
-0.777242952290237
-0.777499817107912
-0.778519330275505
-0.780082219853043
-0.781845418735533
-0.783419614192338
-0.784460615540997
-0.784753383048083
-0.784265932105858
-0.783156834276277
-0.781733671572907
-0.780375006545568
-0.779438403077698
-0.779178126620187
-0.779690005309773
-0.780892431683433
-0.782545424067714
-0.784304252102559
-0.785798380463541
-0.786719678465186
-0.786898475546069
-0.786346311315858
-0.785252392504327
-0.783934641903383
-0.782759974576435
-0.782056143430869
-0.782036886724488
-0.782755613270240
-0.784095001929626
-0.785793459003994
-0.787503929594650
-0.788874414345133
-0.789632862432449
-0.789654969340962
-0.788995612301684
-0.787874320091675
-0.786619078940463
-0.785585002748893
-0.785069944768680
-0.785246995145675
-0.786127027694360
-0.787557131805240
-0.789254754431386
-0.790871784707492
-0.792076358955809
-0.792633856938097
-0.792465863996277
-0.791670033931900
-0.790494748760298
-0.789276152115783
-0.788355708445299
-0.787999919458835
-0.788340360427161
-0.789345248915308
-0.790826890697058
-0.792483591659706
-0.793968793575555
-0.794973542115466
-0.795302721861329
-0.794924451254428
-0.793978122892365
-0.792738583621210
-0.791547108744039
-0.790728610812508
-0.790516028241576
-0.790998245195341
-0.792100899120865
-0.793602966868388
-0.795186362158172
-0.796509650440467
-0.797290292990391
-0.797375068311290
-0.796779113927142
-0.795681975602937
-0.794381808998055
-0.793221202456737
-0.792504966717661
-0.792429887731605
-0.793040950060290
-0.794221617317720
-0.795719621240693
-0.797204006390548
-0.798342735800795
-0.798883616601116
-0.798717741355990
-0.797907409856337
-0.796670149235190
-0.795323614181583
-0.794207321556230
-0.793602054099793
-0.793665727514508
-0.794398365783700
-0.795642080864202
-0.797116056718450
-0.798480653549301
-0.799418018018999
-0.799710431710212
-0.799295548851534
-0.798282506392550
-0.796924040490985
-0.795552934432369
-0.794500847080629
-0.794020417364934
-0.794228010688894
-0.795077896343747
-0.796372131239707
-0.797804650724717
-0.799031891134728
-0.799755335359423
-0.799795893378960
-0.799139705051054
-0.797941866541320
-0.796486952222263
-0.795118021497857
-0.794153809636359
-0.793814637514007
-0.794172792695685
-0.795136347426857
-0.796469119067773
-0.797843687459847
-0.798917834124912
-0.799417777792822
-0.799207096530643
-0.798321899399207
-0.796961752253621
-0.795439109869918
-0.794102039893791
-0.793251102977463
-0.793070164576718
-0.793585143061330
-0.794657889197570
-0.796016354603711
-0.797316248044608
-0.798222417307179
-0.798491361333477
-0.798033133080387
-0.796934758974909
-0.795438131924493
-0.793879058961086
-0.792604990127981
-0.791892947696806
-0.791886312874686
-0.792562645827585
-0.793738027547533
-0.795107515562978
-0.796315024113085
-0.797038589169113
-0.797070584042275
-0.796371003305979
-0.795078122597468
-0.793473335711375
-0.791910723055670
-0.790731183322874
-0.790182782971261
-0.790364557186853
-0.791204080466953
-0.792472650459579
-0.793836042429372
-0.794932047630333
-0.795458362049172
-0.795248783798313
-0.794316273875820
-0.792849999935071
-0.791167323584496
-0.789634989832268
-0.788581148333401
-0.788219488364075
-0.788601056177869
-0.789602233417394
-0.790951118019566
-0.792288501344084
-0.793252320118718
-0.793566696518664
-0.793112263196532
-0.791957429598877
-0.790341142100558
-0.788612472743025
-0.787144714815617
-0.786246847840881
-0.786092803412236
-0.786682266183704
-0.787839702466816
-0.789252261618601
-0.790540785310906
-0.791350218641970
-0.791438105936477
-0.790737078783137
-0.789372832360707
-0.787632159197453
-0.785890847360702
-0.784522138147161
-0.783809234714123
-0.783881014873198
-0.784682754562523
-0.785986840413082
-0.787442470585609
-0.788656357620457
-0.789287901546008
-0.789135216851712
-0.788187738448397
-0.786629534906234
-0.784792433804433
-0.783073200165260
-0.781837964738972
-0.781337400900198
-0.781650166797285
-0.782664471716455
-0.784101102402066
-0.785575137666325
-0.786685816990592
-0.787115001859739
-0.786708582360219
-0.785517114264300
-0.783783270133023
-0.781880168161306
-0.780219064383896
-0.779151490211440
-0.778888727448479
-0.779454229580598
-0.780676946229329
-0.782227289162240
-0.783690980306993
-0.784667321109098
-0.784869159942144
-0.784197310677471
-0.782767141271380
-0.780879192749858
-0.778943146637368
-0.777377521217497
-0.776511360671786
-0.776509627062570
-0.777335824272698
-0.778758005786650
-0.780398295989550
-0.781818855758009
-0.782627495768047
-0.782577031812142
-0.781630154754171
-0.779969957471167
-0.777953038454120
-0.776019890698589
-0.774588333662766
-0.773956671758670
-0.774236598998503
-0.775327236157439
-0.776934771687242
-0.778636128346938
-0.779976841346926
-0.780582607318048
-0.780255553868757
-0.779026844573060
-0.777149267478442
-0.775032485563303
-0.773140993464948
-0.771883235946140
-0.771518198605383
-0.772097392082901
-0.773451519547628
-0.775224737801379
-0.776953005222025
-0.778173411238266
-0.778539839197501
-0.777913312572953
-0.776399517268446
-0.774321790979523
-0.772138584814894
-0.770330504998290
-0.769287255810724
-0.769219640656809
-0.770112166919236
-0.771723593012254
-0.773636841403979
-0.775352465402213
-0.776408630832207
-0.776498596596434
-0.775551944235768
-0.773754170549149
-0.771498721993803
-0.769287186041083
-0.767607299495621
-0.766820001588553
-0.767078812801896
-0.768294588596038
-0.770151258290761
-0.772172463683833
-0.773830419440500
-0.774675314913444
-0.774451786802360
-0.773167511350904
-0.771092083684097
-0.768687141306866
-0.766490301320130
-0.764986361398699
-0.764496849612178
-0.765108718043032
-0.766652786535213
-0.768736082428568
-0.770826303039000
-0.772376093316805
-0.772960096365515
-0.772387019799125
-0.770751797116336
-0.768411145791473
-0.765891321792971
-0.763757347048922
-0.762479936541772
-0.762329981030147
-0.763318454063960
-0.765190139558866
-0.767474111210618
-0.769587102332646
-0.770972857926379
-0.771244409022688
-0.770287738543131
-0.768293530025133
-0.765707103678486
-0.763113938604196
-0.761096275186912
-0.760098554839661
-0.760329269921950
-0.761713951463831
-0.763905882447830
-0.766356411526263
-0.768438230173129
-0.769598945548532
-0.769505385261103
-0.768134277574577
-0.765779535829722
-0.762974728350683
-0.760357188040561
-0.758514603893350
-0.757851941426822
-0.758503044911686
-0.760298572015573
-0.762795570910167
-0.765369491204179
-0.767358176969634
-0.768228122167706
-0.767716737595796
-0.765904912494160
-0.763195869053029
-0.760208940250518
-0.757623843080747
-0.756020362950828
-0.755749816823896
-0.756858710367725
-0.759073540900995
-0.761851373421102
-0.764495565367812
-0.766320937098306
-0.766830287480981
-0.765849594670448
-0.763576869534378
-0.760528894120412
-0.757405868240555
-0.754918227905628
-0.753622942385499
-0.753802578863580
-0.755403222476429
-0.758038214016494
-0.761062201692916
-0.763712694989493
-0.765296315068790
-0.765372045898788
-0.763873332177620
-0.761127326984942
-0.757766337850113
-0.754563855866375
-0.752247118691980
-0.751333846126801
-0.752021861013302
-0.754143409062277
-0.757190168814112
-0.760413676351205
-0.762994808103520
-0.764250178618684
-0.763817277939936
-0.761756429233097
-0.758534438688202
-0.754898345723434
-0.751684452292286
-0.749620612581692
-0.749167391376886
-0.750421001628475
-0.753086161011969
-0.756525146278912
-0.759887964173293
-0.762311651401688
-0.763144712121115
-0.762127761500700
-0.759467387894477
-0.755778403100034
-0.751918553938886
-0.748773393254261
-0.747052965474911
-0.747141348768276
-0.749015412046702
-0.752238479833830
-0.756036836289983
-0.759463497166457
-0.761628703094560
-0.761938714566140
-0.760263889580096
-0.756975757145436
-0.752842612908715
-0.748825209842939
-0.745841604841136
-0.744563427749267
-0.744410139024919
-0.747177137555471
-0.752175003295245
-0.758267983147918
-0.764148404604943
-0.768621299097814
-0.770858743027693
-0.770579874042702
-0.768110925380548
-0.764297402550076
-0.760282362109785
-0.757212192047393
-0.755955899412851
-0.756912541131707
-0.759945090200338
-0.764439753080085
-0.769463547311584
-0.773982216738468
-0.777097373774839
-0.778257628598133
-0.777394035064944
-0.774937076657208
-0.771701732138189
-0.768671963956308
-0.766750646585468
-0.766545286147449
-0.768238062675091
-0.771559262447832
-0.775859475405240
-0.780261056169513
-0.784727582243154
-0.786587959734559
-0.785595631324641
-0.782093281456016
-0.776910884648883
-0.771192143710622
-0.766163841543685
-0.762876613020465
-0.761968663443461
-0.763517217508873
-0.767028475673029
-0.771574265341119
-0.776032265463164
-0.779355100224044
-0.780796663471454
-0.780052215877681
-0.777299529550945
-0.773146558174430
-0.768498124549810
-0.764360615015763
-0.761616894507392
-0.760819890814930
-0.762060086331672
-0.764948303006654
-0.768721116453340
-0.772436445729701
-0.775200985631164
-0.776370012687152
-0.775678520840874
-0.773285877653408
-0.769733154424176
-0.765822604723692
-0.762438821103348
-0.760344826807381
-0.759999586367750
-0.761446137710944
-0.764304266333101
-0.767870843665671
-0.771297465100038
-0.773794223188517
-0.774807883159732
-0.774137731328219
-0.771971589927843
-0.768839779656894
-0.765496071440786
-0.762746310524635
-0.761259071585725
-0.761403440384369
-0.763158243537857
-0.766119927280895
-0.769607108437991
-0.772830723835125
-0.775082282977559
-0.775893917852816
-0.775137711444154
-0.773048701299894
-0.770169988378227
-0.767230017627386
-0.764974540815216
-0.763988921650149
-0.764554654339403
-0.766579846753450
-0.769624395511564
-0.773012504694522
-0.775999745754502
-0.777949407512045
-0.778476143836585
-0.777528355139051
-0.775396187755839
-0.772645202362041
-0.769987657878623
-0.768116194805655
-0.767536918698244
-0.768444380550727
-0.770673542775025
-0.773743018621507
-0.776976859642802
-0.779670106831815
-0.781254589584576
-0.781426781753804
-0.780212904926089
-0.777960890703355
-0.775261419678325
-0.772812405077077
-0.771254225286164
-0.771013900244429
-0.772198960331710
-0.774571137143317
-0.777607693881669
-0.780632467123720
-0.782979999094619
-0.784150923042916
-0.783924000435685
-0.782403604680340
-0.779995102612582
-0.777312874268379
-0.775038127443590
-0.773756414459598
-0.773813925289071
-0.775231028023124
-0.777697835474741
-0.780653135005697
-0.783423871202029
-0.785387101763318
-0.786114438285831
-0.785467886279004
-0.783629368479974
-0.781059287842100
-0.778391667302305
-0.776286065154802
-0.775268716027678
-0.775602386665052
-0.777220505917893
-0.779744585121240
-0.782579842799169
-0.785061791011722
-0.786614760080416
-0.786884496046294
-0.785817244660846
-0.783670998958588
-0.780957236409623
-0.778323716534518
-0.776401744384650
-0.775652697863626
-0.776253128600963
-0.778050387430721
-0.780601646228279
-0.783284962803929
-0.785451274008895
-0.786577942298913
-0.786388418412433
-0.784913928265009
-0.782486178121097
-0.779662458452423
-0.777096972197645
-0.775385079642649
-0.774917276468033
-0.775781329575533
-0.777740189145082
-0.780292091881367
-0.782795505635223
-0.784624581190453
-0.785316009016920
-0.784674564759173
-0.782816733490379
-0.780144673696735
-0.777255074346310
-0.774800194578519
-0.773331052371787
-0.773161134237953
-0.774287364795053
-0.776390906727560
-0.778917534774695
-0.781214630410619
-0.782687969272616
-0.782940092620994
-0.781860522534130
-0.779650668215229
-0.776778935605534
-0.773873928372563
-0.771576679628456
-0.770385037867619
-0.770529536793770
-0.771914927562721
-0.774144219878522
-0.776618212620586
-0.778682472305341
-0.779783214256478
-0.779595361899072
-0.778096222959364
-0.775571054393264
-0.772549312188156
-0.769683009456240
-0.767591924392239
-0.766711699078817
-0.767184383299352
-0.768822119804172
-0.771154485413315
-0.773545755355620
-0.775349594070550
-0.776061712286259
-0.775435789968691
-0.773539428112806
-0.770739798515102
-0.767621160651808
-0.764849440787508
-0.763012511918822
-0.762474754420354
-0.763284815354871
-0.765162833731735
-0.767570809116605
-0.769845870470595
-0.771360231520277
-0.771668264545724
-0.770608485449782
-0.768340630155737
-0.765310882090404
-0.762150946392075
-0.759530198479647
-0.757993452215339
-0.757824934056966
-0.758975765529431
-0.761075853167100
-0.763526650723298
-0.765648403654705
-0.766842775623583
-0.766731963608847
-0.765244978451065
-0.762634736407965
-0.759422442658861
-0.756278716046580
-0.753864975451147
-0.752671440603762
-0.752893637120297
-0.754382011531918
-0.756679291334697
-0.759134621616860
-0.761062471270300
-0.761905219699760
-0.761361942809904
-0.759457261665367
-0.756537386048391
-0.753193345164655
-0.750124902652189
-0.747973209962653
-0.747162112541078
-0.747790423465388
-0.749605914111922
-0.752068574897422
-0.754484706735493
-0.756174908386423
-0.756633823594012
-0.755646246504530
-0.753336850290025
-0.750144174280528
-0.746722538446458
-0.743789789336675
-0.741953648531679
-0.741559717721318
-0.742602823272329
-0.744727385426627
-0.747316585321838
-0.749644582465157
-0.751050760378480
-0.751093772631909
-0.749652643237514
-0.746955724618626
-0.743531685662842
-0.740090136730113
-0.737354607354680
-0.735885452093228
-0.735938251032873
-0.737397524116869
-0.739805164327761
-0.742475044742771
-0.744661125051339
-0.745734918914635
-0.745330939588310
-0.743430501475484
-0.740368289604794
-0.736759492278544
-0.733359408301567
-0.730883483103503
-0.729830099786305
-0.730353339827015
-0.732222283500711
-0.734878793961338
-0.737576586567445
-0.739562588836262
-0.740254412718049
-0.739374283308994
-0.737013274848595
-0.733613904131797
-0.729872668053559
-0.726579217824622
-0.724425776755620
-0.723833628369940
-0.724844421172475
-0.727108095241056
-0.729970824753917
-0.732637029500149
-0.734360973229993
-0.734620878953313
-0.733238422030544
-0.730421153216169
-0.726719559739343
-0.722904428227526
-0.719786566823048
-0.718018494330939
-0.717928928400737
-0.719436967539939
-0.722071402793784
-0.725089066343709
-0.727657702650575
-0.729054441031704
-0.728833082497137
-0.726926244457335
-0.723663729895028
-0.719702539456013
-0.715878701932981
-0.713009016185087
-0.711688537576476
-0.712137848058074
-0.714144504810331
-0.717116100590148
-0.720228630064511
-0.722627569404243
-0.723629548632844
-0.722879263519272
-0.720431363259665
-0.716742516220209
-0.712572916140951
-0.708812525120960
-0.706266908145328
-0.705454739500938
-0.706473078671107
-0.708970418061506
-0.712235334594641
-0.715373783565862
-0.717525175755684
-0.718063312235068
-0.716739328575902
-0.713740410775248
-0.709653282644443
-0.705335845743720
-0.701718188588982
-0.699575306202462
-0.699329593408590
-0.700939727840367
-0.703909453135370
-0.707413015327156
-0.710499538209818
-0.712320353787406
-0.712325053205179
-0.710386843873448
-0.706835150287479
-0.702388211522283
-0.697993650491010
-0.694605143654926
-0.692945662978599
-0.693320693424215
-0.695536602661559
-0.698948939163350
-0.702625068424286
-0.705572992278571
-0.706975700395074
-0.706378038009971
-0.703790837191691
-0.699694397069965
-0.694937841302186
-0.690547657326573
-0.687481621206573
-0.686387170000394
-0.687431845972787
-0.690257174581117
-0.694069716750103
-0.697840419554038
-0.700554438011645
-0.701447850792963
-0.700180944715204
-0.696917451939661
-0.692295799910746
-0.687292854049216
-0.682999841709024
-0.680356012662439
-0.679907836570684
-0.681663897698999
-0.685090266109747
-0.689246804605103
-0.693021738902013
-0.695398251974252
-0.695688561224485
-0.693689164547348
-0.689731453091522
-0.684617469159650
-0.679445678125000
-0.675354236883841
-0.673237967870361
-0.673515258168497
-0.676015254034613
-0.680020453182351
-0.684449818485147
-0.688125975792225
-0.690053612039645
-0.689645656877678
-0.686856005618205
-0.682197657994089
-0.676639523838550
-0.671391969997174
-0.667618162976217
-0.666139258380489
-0.667217118801347
-0.670482129646363
-0.675028218063668
-0.679643167024913
-0.683104699729416
-0.684465055165864
-0.683263859828279
-0.679633813340387
-0.674282301093079
-0.668345554069542
-0.663131957654062
-0.659803248065320
-0.659074374792954
-0.661021402165653
-0.665058515312358
-0.670089847854743
-0.674786030324648
-0.677904260430903
-0.678572892005220
-0.676485516039476
-0.671975027758865
-0.665954348063270
-0.659724003916091
-0.654671637455890
-0.651926225063932
-0.652060845450985
-0.654936309995147
-0.659735875576644
-0.665177106851272
-0.669832158113045
-0.672465814133590
-0.672313541250824
-0.669251302617120
-0.663833270707440
-0.657186851250847
-0.650769551872265
-0.646023884671843
-0.644009554767549
-0.645119324300836
-0.648969938387856
-0.654502630388535
-0.660256734802784
-0.664729537756532
-0.666725265519517
-0.665619834832461
-0.661500966344145
-0.655164507386164
-0.647958373394189
-0.641484492074352
-0.637209456500049
-0.636081836899956
-0.638273405266481
-0.643129672412571
-0.649343382661586
-0.655289730312636
-0.659419882866915
-0.660613067811885
-0.658421231406099
-0.653174027465082
-0.645928204574283
-0.638254376500868
-0.631879978919706
-0.628257724197409
-0.628177840449808
-0.631549007588459
-0.637421166914320
-0.644237785452062
-0.650230334580418
-0.653837882213355
-0.654053854011909
-0.650643953688526
-0.644210503961139
-0.636088563382666
-0.628068656000972
-0.621977208588283
-0.619207207252970
