Zyquad_Re
0.990051051342160
0.989208319958804
0.988372531004264
0.987549819262576
0.986745733014008
0.985965636479679
0.985215026807704
0.984499637811340
0.983825228857529
0.983197020187156
0.982618831748646
0.982092117270105
0.981615199760654
0.981183048822087
0.980787818262025
0.980420094475961
0.980070516793957
0.979731292784118
0.979397216890629
0.979066028342648
0.978738160599416
0.978402352210015
0.978049148314968
0.977670843865518
0.977261684539337
0.976818301032369
0.976340195708517
0.975829981302380
0.975293072143983
0.974736711341051
0.974168518738895
0.973594989598112
0.973020393189205
0.972446323352413
0.971871894471007
0.971294405985852
0.970710255132479
0.970115906832346
0.969508762886054
0.968887787007128
0.968253756491528
0.967609066518327
0.966957122067764
0.966301482685875
0.965645008291602
0.964989241878542
0.964334168157743
0.963678362434774
0.963019448043803
0.962354732521413
0.961681879679028
0.961013177733299
0.960361443013996
0.959739099595312
0.959156765893109
0.958621599262709
0.958135856631690
0.957696211490295
0.957294233509311
0.956918076160043
0.956554972067599
0.956193833008548
0.955827259952532
0.955452539602977
0.955071547288394
0.954689725864847
0.954314435484885
0.953953022957272
0.953610991152242
0.953290649686782
0.952990556974604
0.952705892655594
0.952429658709863
0.952154377026778
0.951873824646675
0.951584372590918
0.951285639705303
0.950980364980056
0.950673577408352
0.950371275124171
0.950078916281505
0.949800066802010
0.949535526393593
0.949283150089501
0.949038406798658
0.948795520260867
0.948548883461285
0.948294380419269
0.948030298480698
0.947757637513136
0.947479773326918
0.947201572815303
0.946928172861536
0.946663708996675
0.946410298029635
0.946167527483911
0.945932580266804
0.945700957681975
0.945467605336249
0.945228146785799
0.944979917151585
0.944722556478266
0.944458040411015
0.944190155659763
0.943923550836079
0.943662587110823
0.943410263410412
0.943167481546696
0.942932836658532
0.942702985322734
0.942473491386261
0.942239926410690
0.941998944552263
0.941749071476747
0.941491028392548
0.941227525908605
0.940962583885984
0.940700538598238
0.940444974351681
0.940197840364338
0.939958974290050
0.939726154891116
0.939495667711245
0.939263233876120
0.939025063344850
0.938778770282473
0.938523934522030
0.938262182966256
0.937996778987024
0.937731817822952
0.937471219336646
0.937217761363049
0.936972393654408
0.936734007777905
0.936499721715113
0.936265603222016
0.936027644865077
0.935782744161111
0.935529450900007
0.935268307429197
0.935001706432083
0.934733302873768
0.934467117838891
0.934206548481098
0.933953527774042
0.933708045737831
0.933468155362659
0.933230461912911
0.932990967389863
0.932746055166916
0.932493371309676
0.932232391497126
0.931964542493187
0.931692852879587
0.931421214062850
0.931153426108853
0.930892259196814
0.930638765345217
0.930392015904555
0.930149333883825
0.929906959893330
0.929660981546483
0.929408292612559
0.929147348767726
0.928878540923732
0.928604101104483
0.928327561526284
0.928052893564209
0.927783531201730
0.927521518922555
0.927267000530888
0.927018180063978
0.926771766853472
0.926523789752946
0.926270573980454
0.926009639695334
0.925740306301378
0.925463861018671
0.925183251502561
0.924902373052306
0.924625116431586
0.924354406826972
0.924091473919360
0.923835539822279
0.923584007330543
0.923333100951358
0.923078796994234
0.922817810228580
0.922548396812390
0.922270782802588
0.921987117577205
0.921700960104345
0.921416416341954
0.921137131293903
0.920865383718092
0.920601512107843
0.920343822103517
0.920089000352432
0.919832929824218
0.919571700837502
0.919302568056899
0.919024623623722
0.918739027121668
0.918448736608500
0.918157799380014
0.917870366684761
0.917589669269313
0.917317208830448
0.917052373940137
0.916792581143803
0.916533907413711
0.916272053131391
0.916003395445838
0.915725875491496
0.915439508115568
0.915146392955571
0.914850220193021
0.914555381590454
0.914265895536597
0.913984408735587
0.913711527430912
0.913445652896114
0.913183365848985
0.912920263568884
0.912652038392181
0.912375531999877
0.912089511544678
0.911794983792277
0.911494970401437
0.911193790559234
0.910896014494354
0.910605337609167
0.910323655107395
0.910050575259085
0.909783500343384
0.909518257199125
0.909250118042254
0.908974956888506
0.908690259958039
0.908395749285466
0.908093471180903
0.907787322922840
0.907482120764910
0.907182425359136
0.906891409862497
0.906610057243121
0.906336896347434
0.906068348887431
0.905799600805429
0.905525778629559
0.905243140629695
0.904949996212296
0.904647135758468
0.904337666017949
0.904026281096156
0.903718131646979
0.903417559501316
0.903127010985846
0.902846408350930
0.902573146400816
0.902302718985107
0.902029817419919
0.901749626374373
0.901459001511345
0.901157248563384
0.900846318941879
0.900530368909427
0.900214774307816
0.899904825493085
0.899604417190306
0.899315063439589
0.899035495476339
0.898761951785080
0.898489089127374
0.898211284908121
0.897924008832474
0.897624934002069
0.897314524908638
0.896995960348192
0.896674398169887
0.896355741501151
0.896045193933421
0.895745959111632
0.895458418804968
0.895180008016189
0.894905824777938
0.894629820936156
0.894346275357132
0.894051190132053
0.893743277851174
0.893424307063923
0.893098717028589
0.892772576599251
0.892452119591144
0.892142205557790
0.891845092520284
0.891559842641474
0.891282522262863
0.891007149015621
0.890727146313990
0.890436944347582
0.890133342137478
0.889816310099553
0.889489041922832
0.889157229910173
0.888827715234854
0.888506821689134
0.888198779144572
0.887904640879096
0.887621983030137
0.887345471405429
0.887068152753355
0.886783145013493
0.886485312475674
0.886172528214659
0.885846228354141
0.885511120484449
0.885174094698600
0.884842572936039
0.884522683655409
0.884217717506424
0.883927267630633
0.883647288174760
0.883371061424920
0.883090827487947
0.882799669305013
0.882493198217997
0.882170645086000
0.881835100608541
0.881492833544165
0.881151820583518
0.880819815492885
0.880502422478219
0.880201665620411
0.879915436108829
0.879637971013916
0.879361243365245
0.879076910044884
0.878778337204762
0.878462222395305
0.878129437111423
0.877784886836360
0.877436396987863
0.877092855454993
0.876762038125220
0.876448654808766
0.876153126251581
0.875871424553152
0.875596026664867
0.875317736029525
0.875027912549223
0.874720570241994
0.874393852642376
0.874050544820386
0.873697487447597
0.873343995244278
0.872999620085642
0.872671787518569
0.872363907011805
0.872074460404952
0.871797321431498
0.871523227661945
0.871242025532593
0.870945129430097
0.870627609550704
0.870289428399154
0.869935536569863
0.869574777416318
0.869217812887312
0.868874532399127
0.868551576263020
0.868250619571262
0.867967884107082
0.867695018550251
0.867421117668219
0.867135363686119
0.866829643348117
0.866500530540675
0.866150183501640
0.865785936023507
0.865418634103154
0.865060057796433
0.864720022330708
0.864403887911738
0.864111144004415
0.863835461487149
0.863566205599845
0.863291012798833
0.862998779849207
0.862682349477825
0.862340279475543
0.861977292503520
0.861603273363624
0.861230986785790
0.860873002007205
0.860538558816690
0.860231188507457
0.859947740980271
0.859679093851891
0.859412355824934
0.859133988762511
0.858833073356888
0.858503955557354
0.858147680955198
0.857771882553762
0.857389095802284
0.857013818562936
0.856658968979689
0.856332619219093
0.856035878979719
0.855762520391533
0.855500454758488
0.855234663995590
0.854950829412159
0.854638778403420
0.854294965939861
0.853923441074288
0.853535052186024
0.853144995301585
0.852769194645323
0.852420354478061
0.852104698220497
0.851820292122797
0.851557430199332
0.851300976823410
0.851034037402308
0.850742026400555
0.850416175399346
0.850055705668961
0.849668182022738
0.849267910746972
0.848872644292139
0.848499285328297
0.848159630850496
0.847857292547272
0.847586662064357
0.847334218980110
0.847081816691703
0.846811072110063
0.846507774220589
0.846165308980533
0.845786362053794
0.845382503370365
0.844971650457715
0.844573866640012
0.844206424241098
0.843879384473951
0.843592915464337
0.843337119979758
0.843094421225384
0.842843840432472
0.842566048265658
0.842247982901675
0.841886023501273
0.841487044430243
0.841067062456593
0.840647638944367
0.840250730047931
0.839893188920602
0.839582377739248
0.839314140362428
0.839073725290695
0.838839385278220
0.838587656680159
0.838298975295030
0.837962340156336
0.837578043619889
0.837157880111380
0.836722676795189
0.836297513555264
0.835905616758502
0.835562436176088
0.835271545054704
0.835023562052688
0.834798403432087
0.834570201274163
0.834313548897306
0.834009540324602
0.833650284422443
0.833240976062900
0.832799042483547
0.832350367930823
0.831923224411148
0.831541247352721
0.831217292916959
0.830949946245774
0.830723717858948
0.830512846237827
0.830287595064643
0.830021375506908
0.829697025365378
0.829310947384755
0.828874280892166
0.828410747009250
0.827951369624245
0.827527035901063
0.827160657732602
0.826861098866040
0.826620676409349
0.826416975635876
0.826218393883845
0.825991819414202
0.825710483850453
0.825360254350149
0.824943140298028
0.824477297043374
0.823993305460256
0.823527189971235
0.823111571180506
0.822767204447300
0.822497362589037
0.822286776677341
0.822105413762943
0.821915903344719
0.821682530320189
0.821379610819062
0.820997531719623
0.820545339850328
0.820049275352110
0.819547193632240
0.819079689077592
0.818679871068341
0.818328632421051
0.817983557520882
0.817585834957966
0.817074482995684
0.816398487608673
0.815529297362143
0.814470423278339
0.813259623624101
0.811960364219959
0.810644049979756
0.809369894095450
0.808170100806658
0.807043850533532
0.805959114572816
0.804859873129853
0.803676986512164
0.802341659404548
0.800800209301341
0.799027819813172
0.797037582900443
0.794880447765140
0.792633532610932
0.790379276224842
0.788182956334120
0.786076561228406
0.784052734901059
0.782067953378588
0.780052338775881
0.777923853610704
0.775605085164513
0.773076497519060
0.770357644132416
0.767509203330071
0.764621734622981
0.761796887555126
0.759120006725610
0.756633957820876
0.754325602589969
0.752130776206470
0.749954478121787
0.747696494844008
0.745273245862137
0.742632508428250
0.739762522847700
0.736696923237403
0.733513448874406
0.730321907583708
0.727239335607815
0.724357599997187
0.721715323146333
0.719285946864026
0.716986527360139
0.714702304598043
0.712316274942032
0.709734274589659
0.706902089298922
0.703815737028110
0.700525711280783
0.697132407988158
0.693768202662211
0.690565706538589
0.687620252450285
0.684960740369493
0.682540872000938
0.680253668117242
0.677961984948594
0.675532643810104
0.672864314984959
0.669906022757196
0.666667530701732
0.663221781649525
0.659695765926774
0.656245492473197
0.653016780523737
0.650103201059158
0.647517419164363
0.645187555410148
0.642979043330294
0.640731858079831
0.638299024309703
0.635576525752298
0.632522277629029
0.629165665598372
0.625607042993528
0.622002667250600
0.618531428474065
0.615348037953740
0.612537619486356
0.610089623570574
0.607901390128383
0.605808640831478
0.603629604775703
0.601207227015624
0.598440129295008
0.595301139852319
0.591845048736112
0.588203923065360
0.584564665977772
0.581126562886307
0.578047245385151
0.575395718191010
0.573131263732940
0.571116215353471
0.569155956197107
0.567049587051631
0.564634795149483
0.561818806705281
0.558595606764944
0.555050938272555
0.551352060950156
0.547716465321349
0.544359613462250
0.541434655211330
0.538986219538229
0.536936920661113
0.535111120082248
0.533284789476113
0.531241862334400
0.528820481477252
0.525942899357712
0.522630572083185
0.519005343047213
0.515272117401880
0.511677318423783
0.508446647748562
0.505720183654650
0.503509730095036
0.501695568137966
0.500062601857445
0.498359867010497
0.496361268587114
0.493911810599238
0.490955489626791
0.487547478059041
0.483850286143609
0.480107671653512
0.476591593261948
0.473530394828125
0.471041589782260
0.469095912958466
0.467526824821438
0.466079918261441
0.464481253810963
0.462500842844091
0.459997472165254
0.456943768466569
0.453434664807319
0.449677126211734
0.445953496771802
0.442556014222676
0.439706525988650
0.437489917306796
0.435828216592697
0.434505051381267
0.433228563221690
0.431707166953311
0.429713923486608
0.427128690974721
0.423959675459396
0.420347274494848
0.416545692106177
0.412873885560986
0.409637185619101
0.407040452790865
0.405125690474419
0.403759588880407
0.402674651094885
0.401545151660176
0.400068399620712
0.398028073791595
0.395332640458160
0.392032805600239
0.388319633404055
0.384496091308316
0.380913844304030
0.377882191029290
0.375577427361992
0.373988649895068
0.372921964621880
0.372059359778557
0.371046491415414
0.369577121939874
0.367453575382590
0.364620620785511
0.361178264460230
0.357372741427774
0.353555759055023
0.350105650702311
0.347324687255400
0.345348276442193
0.344103260897117
0.343331652449151
0.342667542920669
0.341734756003784
0.340231879854387
0.337988231218842
0.334992669420611
0.331401077350617
0.327518424751281
0.323743276360179
0.320472302581859
0.317988038178093
0.316372346097495
0.315481607610504
0.314992267220508
0.314495172492374
0.313600453392378
0.312020504110566
0.309620198695738
0.306440321284187
0.302698848813289
0.298761813535091
0.295070571754223
0.292029415799364
0.289886980427933
0.288659070826146
0.288124999404996
0.287896443231290
0.287527630965609
0.286624261535976
0.284921935855177
0.282329804175892
0.278948417507873
0.275063524266773
0.271102956251080
0.267544294873038
0.264786351406935
0.263028599414705
0.262208943482594
0.262025057097389
0.262027077048971
0.261741065629270
0.260778423738960
0.258907629803582
0.256090962292703
0.252496540288410
0.248482774630433
0.244538031547370
0.241166764134524
0.238746915837967
0.237412900097952
0.237014110301905
0.237164444248008
0.237358212132553
0.237103366511957
0.236027757479487
0.233942582162693
0.230872247000187
0.227060120038578
0.222941049060465
0.219060209441206
0.215936559884508
0.213909734968225
0.213033103917537
0.213058748705243
0.213517418595465
0.213855750167027
0.213574960442552
0.212330475948962
0.209986186919929
0.206637814852027
0.202611402460503
0.198420464838543
0.194660313461529
0.191848902890152
0.190268430081020
0.189875786195944
0.190319325989686
0.191050284778706
0.191478059363196
0.191109494523242
0.189638913995715
0.186993039333803
0.183348326636859
0.179120441393115
0.174901716325769
0.171327490802768
0.168896058795630
0.167811870991729
0.167921158149314
0.168765060779023
0.169722073631905
0.170176799615200
0.169654720781550
0.167900457447365
0.164913962569440
0.160962102910510
0.156556295527320
0.152365118066579
0.149049947852120
0.147067773147616
0.146524457546525
0.147143390211009
0.148358427074301
0.149485232594345
0.149897706335809
0.149153299867694
0.147058385990929
0.143696967840585
0.139436222324780
0.134888132115827
0.130791486238797
0.127815472901155
0.126351486545166
0.126386209721514
0.127510785460242
0.129055529909671
0.130286170881472
0.130581195463219
0.129543412954653
0.127052548551884
0.123288090351184
0.118727512305137
0.114086182085678
0.110162804784008
0.107611709076312
0.106732315767247
0.107372674919858
0.108985829762428
0.110806388194176
0.112065701770743
0.112162847664096
0.110759265740194
0.107819983819632
0.103632233202791
0.0987935639406156
0.0941226665330825
0.0904627931310603
0.0884263014333338
0.0881929303683106
0.0894547824849748
0.0915252381646414
0.0935552186184639
0.0947594474533235
0.0945738185639102
0.0927315230199612
0.0892955188441081
0.0846740352961416
0.0795937501611125
0.0749726342145400
0.0716772961125732
0.0702468367144526
0.0707132475321516
0.0725985752186067
0.0750799267833690
0.0772406415273675
0.0782981263178092
0.0777411106758068
0.0753876391243618
0.0714123423110462
0.0663587733603932
0.0610902463257730
0.0566146993052633
0.0537944977553934
0.0530605981308645
0.0542699864807513
0.0567648719712085
0.0595949585751313
0.0617958372131610
0.0626077379160622
0.0615877243420419
0.0586521142315790
0.0541025920767946
0.0486333212173284
0.0432490347329134
0.0390316324391231
0.0368049105575072
0.0368540944144521
0.0388360535787071
0.0419088406645550
0.0450094321435219
0.0471486051058721
0.0476095955469287
0.0460326536623938
0.0424466699946543
0.0372979669564457
0.0314471539357511
0.0260408337177434
0.0222107223580660
0.0207010594441761
0.0216122870854548
0.0243796884159793
0.0279794053072535
0.0312562040308722
0.0332211801652538
0.0332200449681869
0.0309905736477594
0.0266902136246623
0.0209302412191026
0.0147532418155777
0.00944175356888373
0.00614371081132512
0.00547668958009451
0.00731737729699437
0.0108632722709602
0.0149184105350665
0.0182613649266486
0.0199297295789072
0.0193498196974392
0.0163712205051865
0.0112986532717012
0.00493177102701338
-0.00149111194313192
-0.00656630075630971
-0.00917366397897304
-0.00887443773558968
-0.00605275102284967
-0.00175807177554392
0.00265966902363262
0.00594356114240876
0.00718359837511187
0.00590310630102098
0.00207857111252038
-0.00381528857790921
-0.0107638726395624
-0.0173234299091678
-0.0219954640175333
-0.0237424877314231
-0.0223601192983457
-0.0185263675719153
-0.0135380042976694
-0.00887205237499206
-0.00578682935636311
-0.00511570744598151
-0.00722367560377909
-0.0119901202605600
-0.0187421526274782
-0.0262210631887587
-0.0327752271806227
-0.0368520228559613
-0.0375618735222612
-0.0349916544850971
-0.0301399720527186
-0.0245405625903394
-0.0197620968013528
-0.0170287159629969
-0.0170758808816622
-0.0201434506260365
-0.0259454487184507
-0.0335757006982289
-0.0415011492950130
-0.0478713912397836
-0.0511370337234968
-0.0506307700610446
-0.0467863801096525
-0.0409408022585735
-0.0348420280898811
-0.0301073177049962
-0.0278918615915702
-0.0288158874666750
-0.0329807533662668
-0.0399073841510000
-0.0484129436589193
-0.0566616584917980
-0.0626301710366389
-0.0648478064175828
-0.0629506923106195
-0.0577710529792970
-0.0509899340064540
-0.0445332090363439
-0.0400180042012623
-0.0384992100351626
-0.0404689448517221
-0.0458747816593164
-0.0540071365707431
-0.0633541396270717
-0.0717557224262487
-0.0770638747981836
-0.0779802781680679
-0.0745293703311780
-0.0679860126988781
-0.0603658377628054
-0.0537220714063055
-0.0496203843260920
-0.0489901046336191
-0.0521865610573458
-0.0589833111457531
-0.0683892970651975
-0.0785027736594181
-0.0868319986141989
-0.0911805984755039
-0.0905325593385584
-0.0853856055485577
-0.0774903219191433
-0.0691685254309758
-0.0625369421418112
-0.0590600429956093
-0.0595247961985431
-0.0641440176113380
-0.0724876875662499
-0.0832142553930210
-0.0939656506552651
-0.101935446925735
-0.104987247200567
-0.102509841219786
-0.0955555016782405
-0.0863679027467450
-0.0782316112645545
-0.0726245099897405
-0.0702572322189826
-0.0711520965573722
-0.0748494406671048
-0.0805321601202378
-0.0870740774257280
-0.0931143161849385
-0.0972619456192723
-0.0984759447412099
-0.0965466259017278
-0.0924073849902528
-0.0878869746047328
-0.0848942279828941
-0.0846680676583340
-0.0875963407984964
-0.0934296582626551
-0.101516808923613
-0.110918561897102
-0.120449699639515
-0.128758345063813
-0.134545223600847
-0.136976818246116
-0.136201054725749
-0.133591018704747
-0.131262525705033
-0.131073526126026
-0.133965957213445
-0.139997594127032
-0.148666170981088
-0.158440573070675
-0.168891592575729
-0.179367438610922
-0.189106776670748
-0.197399165181274
-0.203775640154721
-0.208161875373836
-0.210918531858668
-0.212736038377889
-0.214426199146410
-0.216705145315069
-0.220046066043262
-0.224619170719557
-0.230292795374151
-0.236669874037816
-0.243156740489726
-0.249074645680393
-0.253812674506682
-0.256990656145149
-0.258575745248048
-0.258899965967363
-0.258563844384798
-0.258264089516995
-0.258614926792064
-0.260020065481023
-0.262612222802313
-0.266247412796629
-0.270539121406506
-0.274930206488916
-0.278805739114019
-0.281636918223352
-0.283122184602529
-0.283276661682891
-0.282431227351181
-0.281137307260216
-0.280014088660472
-0.279594875087322
-0.280216495682689
-0.281965454004220
-0.284673406218585
-0.287953120687234
-0.291273637023782
-0.294073308626617
-0.295895144433764
-0.296509328513079
-0.295980052059808
-0.294648454936472
-0.293035847431851
-0.291703525040029
-0.291117501722486
-0.291552908301762
-0.293048517600403
-0.295406662853968
-0.298233319046500
-0.301017272718089
-0.303243329160429
-0.304519595105438
-0.304683244806713
-0.303847305178677
-0.302368953932803
-0.300749978661402
-0.299505549723885
-0.299043404894449
-0.299581249955357
-0.301110092152768
-0.303400319068694
-0.306047496853633
-0.308556294679338
-0.310453931348653
-0.311409573834196
-0.311324265784288
-0.310359152205673
-0.308890182040156
-0.307405365700933
-0.306380520090936
-0.306170518347838
-0.306938303844826
-0.308627161105714
-0.310974075443649
-0.313562410773903
-0.315911106226695
-0.317588198280933
-0.318322056999389
-0.318075725951572
-0.317057449364862
-0.315662643695463
-0.314368018967932
-0.313613321226621
-0.313703249480122
-0.314747208519225
-0.316640648924718
-0.319086569447912
-0.321655932239390
-0.323882340740088
-0.325375111190421
-0.325921627119033
-0.325545878124752
-0.324501820991048
-0.323203473221044
-0.322116356169630
-0.321644929891959
-0.322044433043478
-0.323370894813674
-0.325471766358480
-0.328016304772330
-0.330564331118492
-0.332666254379516
-0.333974771769562
-0.334337245001843
-0.333837938085183
-0.332774621736088
-0.331577742231728
-0.330699966280590
-0.330509454795913
-0.331211313819303
-0.332807678072263
-0.335097962964550
-0.337718794713653
-0.340221474546058
-0.342176847348321
-0.343284323731273
-0.343452888704316
-0.342826404502963
-0.341743899409862
-0.340648935247149
-0.339978295235724
-0.340061540672591
-0.341052044008544
-0.342897172640421
-0.345348590698819
-0.348012332505330
-0.350435078591474
-0.352212985532376
-0.353096364155626
-0.353057732412782
-0.352299548309764
-0.351198769287821
-0.350207747956278
-0.349743305133299
-0.350093198089309
-0.351356888722839
-0.353426022960784
-0.356005297142757
-0.358673186900848
-0.360976851972218
-0.362543648754436
-0.363179483928908
-0.362922223204977
-0.362031333564565
-0.360917526802917
-0.360036727776261
-0.359780915336225
-0.360392229059439
-0.361913743361447
-0.364180575691327
-0.366851899078973
-0.369482718682113
-0.371626893501670
-0.372949652988023
-0.373317386510798
-0.372834719709346
-0.371815760310391
-0.370699919824256
-0.369940699542058
-0.369899761547792
-0.370769435335478
-0.372533851822912
-0.374971135998317
-0.377697190073326
-0.380248742246855
-0.382193599721896
-0.383242095798714
-0.383325885312283
-0.382617101605089
-0.381481199735767
-0.380380359636568
-0.379759003581705
-0.379942579187347
-0.381069219491819
-0.383061659977762
-0.385641087592419
-0.388383329624931
-0.390813172185933
-0.392520541160579
-0.393268429462174
-0.393058159865849
-0.392129237516660
-0.390894150988189
-0.389831075435460
-0.389368156483542
-0.389788452572823
-0.391171470127730
-0.393376360459542
-0.396068109507289
-0.398786734731232
-0.401052574334589
-0.402486636369872
-0.402912214155626
-0.402404061603625
-0.401267854935249
-0.399957729677205
-0.398960300619494
-0.398679811052061
-0.399350601255626
-0.400989203527830
-0.403389406648535
-0.406161575742772
-0.408815369413371
-0.410875327566042
-0.412003143967250
-0.412089889124716
-0.411286630161413
-0.409962804958971
-0.408607722616252
-0.407708178492731
-0.407636567574498
-0.408572131349372
-0.410464274701707
-0.413040201233900
-0.415858241254934
-0.418404438077192
-0.420217308400770
-0.421009294606069
-0.420746299105442
-0.419657479011489
-0.418172308240496
-0.416807728674438
-0.416041844951938
-0.416207035309552
-0.417421096693666
-0.419562452951056
-0.422291208046007
-0.425117417802624
-0.427511639676758
-0.429037205549519
-0.429467617946622
-0.428849978030814
-0.427492000322223
-0.425878080910575
-0.424544234674159
-0.423950489496751
-0.424380901439495
-0.425885585956692
-0.428268540505783
-0.431123130640075
-0.433916247942513
-0.436112554701590
-0.437312001270457
-0.437359468360489
-0.436388663883118
-0.434784836469166
-0.433080765385447
-0.431822032282993
-0.431440785063230
-0.432164386240242
-0.433969208292942
-0.436581905700119
-0.439530532069116
-0.442245455920803
-0.444196546292004
-0.445032997597096
-0.444681119085360
-0.443365401015071
-0.441545957337204
-0.439795984767373
-0.438660269763159
-0.438532951503554
-0.439576317843982
-0.441687178656446
-0.444512600707330
-0.447518033768072
-0.450105678717983
-0.451763240082076
-0.452202414288204
-0.451440416596031
-0.449795192355895
-0.447797282490143
-0.446050940504261
-0.445089043584750
-0.445257347965031
-0.446644718879841
-0.449062900609376
-0.452077974903015
-0.455097024336028
-0.457504330129410
-0.458819559299974
-0.458830555591164
-0.457654009755914
-0.455702230807518
-0.453569889435019
-0.451881605173084
-0.451146588187454
-0.451651655621165
-0.453403967460214
-0.456125110000449
-0.459299849095498
-0.462282943271076
-0.464453057180726
-0.465377360452718
-0.464933574211566
-0.463345166648651
-0.461117709323883
-0.458901797918213
-0.457330489522375
-0.456877032121005
-0.457758608938318
-0.459892484735534
-0.462905532156539
-0.466202208657777
-0.469093104439917
-0.470965759194365
-0.471451644546680
-0.470531810225164
-0.468542155928504
-0.466078184902113
-0.463836299968446
-0.462444947374498
-0.462328675017623
-0.463624218143221
-0.466150880435595
-0.469436975695477
-0.472809334125607
-0.475544972894471
-0.477057073329890
-0.477059232795014
-0.475648576142083
-0.473277050287122
-0.470624345699574
-0.468420683500999
-0.467275864026063
-0.467552627685758
-0.469296324867335
-0.472220404261345
-0.475751726109229
-0.479144252271087
-0.481654796614328
-0.482741243083263
-0.482217834420756
-0.480309327612366
-0.477584902701864
-0.474800142141209
-0.472705315554487
-0.471876695460559
-0.472601781140519
-0.474823452880213
-0.478141664611282
-0.481880204520321
-0.485227479848161
-0.487436569648827
-0.488031343224442
-0.486945473369632
-0.484541176220574
-0.481503244628390
-0.478652229677688
-0.476743034908120
-0.476302809609394
-0.477530053119407
-0.480253902415342
-0.483953570015213
-0.487849863558321
-0.491076050858981
-0.492901328997167
-0.492938868960513
-0.491260280683256
-0.488372750817865
-0.485071914357930
-0.482229732697080
-0.480588860680705
-0.480611123924611
-0.482391890579740
-0.485635051625211
-0.489692451322998
-0.493684280952572
-0.496702789734386
-0.498056743864444
-0.497473634736609
-0.495180582104148
-0.491834322097994
-0.488333120457323
-0.485584231076744
-0.484299914010337
-0.484859930898292
-0.487241911596602
-0.491012746133870
-0.495391254190478
-0.499402358235989
-0.502115754675736
-0.502906927975465
-0.501643913927941
-0.498725209915421
-0.494958120195734
-0.491331679224329
-0.488769918404912
-0.487935508018349
-0.489108863414981
-0.492134632471938
-0.496430724989310
-0.501078770420907
-0.505017624196219
-0.507317876178231
-0.507452513801826
-0.505456860657410
-0.501914077817645
-0.497778885882599
-0.494115472705961
-0.491843985529813
-0.491557457816874
-0.493419038915923
-0.497124302779305
-0.501930099139269
-0.506778932873857
-0.510537677978107
-0.512306823561044
-0.511691004597781
-0.508919205688074
-0.504768988308477
-0.500334610830730
-0.496736079924237
-0.494867179159787
-0.495230548328974
-0.497853300053657
-0.502264748355870
-0.507548786104126
-0.512510106651579
-0.515963741936698
-0.517075093214101
-0.515617406398413
-0.512038226327891
-0.507314668410404
-0.502667469837163
-0.499249599121531
-0.497904562889040
-0.499023181854731
-0.502476553027563
-0.507609205905365
-0.513320891059042
-0.518284393972072
-0.521290360040692
-0.521610351827721
-0.519225153662909
-0.514822978887552
-0.509580007942011
-0.504824921830921
-0.501717650939960
-0.501026477421414
-0.503008190816511
-0.507356167479852
-0.513210105467232
-0.519276020384403
-0.524106993641016
-0.526505325840968
-0.525896133936175
-0.522507423150843
-0.517285871539522
-0.511599565225576
-0.506861049956670
-0.504208640898996
-0.504309768170537
-0.507263847235202
-0.512562416055421
-0.519118747933868
-0.525438492548257
-0.529975614942522
-0.531589851589644
-0.529912891728167
-0.525458806304484
-0.519444522866428
-0.513520228050831
-0.508901858364042
-0.506336687224666
-0.506068705287772
-0.507855013355219
-0.511048868874353
-0.514724740158703
-0.517849978228880
-0.519506692278864
-0.519135550551832
-0.516728473762533
-0.512872366406027
-0.508584226222429
-0.504988062611877
-0.502984179404030
-0.503046911421438
-0.505178918933894
-0.508967072778032
-0.513682347720341
-0.518405542554963
-0.522190060259922
-0.524269892981096
-0.524285139177209
-0.522444642361580
-0.519518475869182
-0.516611142377973
-0.514803573123548
-0.514842581832559
-0.516997604207101
-0.521073348026992
-0.526396231767798
-0.532390515736033
-0.538442591923441
-0.543939592732020
-0.548389613554812
-0.551530064519975
-0.553390197177799
-0.554280614046979
-0.554707649841484
-0.555240574313064
-0.556375474376495
-0.558432717100578
-0.561504272156852
-0.565449499362942
-0.569931620868842
-0.574488038726737
-0.578627155302120
-0.581937689368131
-0.584186698972570
-0.585377940073457
-0.585749819920916
-0.585711510445386
-0.585737608059664
-0.586254108414581
-0.587545776119702
-0.589702145037842
-0.592606438645465
-0.595964684192104
-0.599369646467197
-0.602390707611556
-0.604673835569560
-0.606028278381989
-0.606475007606765
-0.606240661508185
-0.605697936552410
-0.605271118036696
-0.605334826770563
-0.606131614885740
-0.607723932955375
-0.609985633111005
-0.612631749436849
-0.615281474395035
-0.617544407713470
-0.619113160177698
-0.619839558672959
-0.619772332071637
-0.619143932123307
-0.618310132140497
-0.617660955965364
-0.617528353599809
-0.618113006831349
-0.619443800095905
-0.621374743226908
-0.623618281371538
-0.625809524769116
-0.627590351221735
-0.628695605084381
-0.629019349058066
-0.628641735766906
-0.627807782213961
-0.626864374648630
-0.626174408792057
-0.626031626445894
-0.626595909992232
-0.627860665857313
-0.629656287847114
-0.631688252718645
-0.633603580929224
-0.635073380210277
-0.635872955541877
-0.635938296029190
-0.635382194565839
-0.634464763814721
-0.633527246859447
-0.632908488991704
-0.632866115793337
-0.633519915705356
-0.634827289125497
-0.636593797828159
-0.638516651599894
-0.640253776795414
-0.641504869130977
-0.642085309284330
-0.641972816280104
-0.641312875220160
-0.640381093321464
-0.639513784587671
-0.639026546788716
-0.639141482235518
-0.639938515082726
-0.641339026031621
-0.643123800834896
-0.644982177171783
-0.646583726335141
-0.647657523096766
-0.648059465745677
-0.647808853397104
-0.647083182135647
-0.646172629238525
-0.645407716031518
-0.645080147915975
-0.645376101114595
-0.646335505065405
-0.647844003624525
-0.649658496310888
-0.651461991642775
-0.652937627263150
-0.653845587041452
-0.654083210788077
-0.653711152633870
-0.652937640852510
-0.652065533836951
-0.651417598448889
-0.651260021983284
-0.651741999869193
-0.652863142292651
-0.654473928379257
-0.656308946568248
-0.658047317001483
-0.659388538268146
-0.660126255779509
-0.660200398353382
-0.659712540816085
-0.658899796779961
-0.658075038258954
-0.657550504579676
-0.657564566657233
-0.658227990175726
-0.659499713146411
-0.661195969895863
-0.663031253209011
-0.664683995549257
-0.665873514119920
-0.666429650814504
-0.666336082521279
-0.665734534882962
-0.664888587533149
-0.664117795346203
-0.663720483374684
-0.663904460275598
-0.664740422068354
-0.666146401507287
-0.667905730940279
-0.669715654171163
-0.671257781141290
-0.672275202942625
-0.672636876189778
-0.672371217710187
-0.671658890962194
-0.670786941771140
-0.670077701351667
-0.669811732128384
-0.670163263447731
-0.671161255725977
-0.672682851369138
-0.674480318428538
-0.676237128818219
-0.677642519772118
-0.678467663318209
-0.678623558402923
-0.678184034276278
-0.677366949564246
-0.676479234992621
-0.675841591731951
-0.675712635051224
-0.676229870098106
-0.677378966355364
-0.678996548673931
-0.680806216375365
-0.682481774523257
-0.683725045424613
-0.684339804945132
-0.684281874974580
-0.683670721031276
-0.682759059181935
-0.681869552187435
-0.681316436835344
-0.681331968602530
-0.682013776643011
-0.683302911094406
-0.684996305511007
-0.686791898046375
-0.688358550751430
-0.689416057428633
-0.689805405442896
-0.689529730185971
-0.688753799450875
-0.687762207781042
-0.686888645852067
-0.686435693163875
-0.686604700233311
-0.687450365965923
-0.688868121634341
-0.690616574298370
-0.692371665753516
-0.693802640925784
-0.694652996251171
-0.694805493926328
-0.694312652262291
-0.693383558212517
-0.692331035742758
-0.691494577794533
-0.691159623059906
-0.691492025316561
-0.692500689443980
-0.694034850007062
-0.695816768417287
-0.697504749313926
-0.698774322112694
-0.699398669910929
-0.699306719564287
-0.698601898886905
-0.697535906593823
-0.696445463417632
-0.695670154751924
-0.695472570849745
-0.695978509632016
-0.697148495086154
-0.698785497312474
-0.700578102441113
-0.702172061347069
-0.703255628350614
-0.703637810234368
-0.703297785162419
-0.702390761225882
-0.701208556576667
-0.700106771482218
-0.699418932726827
-0.699378914741729
-0.700068007477640
-0.701396127179450
-0.703120509238824
-0.704899495125255
-0.706372111071504
-0.707246266427786
-0.707372971354259
-0.706785306966759
-0.705690372007227
-0.704416779262350
-0.703333317094633
-0.702760908514696
-0.702898747983717
-0.703779344676285
-0.705260224665232
-0.707054105936514
-0.708793345363397
-0.710116831861393
-0.710759486546745
-0.710620423715027
-0.709789710818766
-0.708525590567488
-0.707189278083394
-0.706156403765291
-0.705728397205908
-0.706063773931712
-0.707142241503081
-0.708767686514168
-0.710610309256552
-0.712281639110441
-0.713427774199826
-0.713818351013747
-0.713406475903071
-0.712341582261260
-0.710931364340223
-0.709564556483660
-0.708616657725831
-0.708362421924242
-0.708913713469737
-0.710193746196278
-0.711952148508299
-0.713819486974551
-0.715392582458271
-0.716332834884744
-0.716452548082374
-0.715764348333715
-0.714478574132722
-0.712949653402167
-0.711587853321274
-0.710760974680605
-0.710709673248413
-0.711493280104484
-0.712975235886985
-0.714851031659126
-0.716715477906587
-0.718157827658835
-0.718863590236915
-0.718695817086330
-0.717731661439610
-0.716242928713121
-0.714626967004784
-0.713308684983280
-0.712640063819000
-0.712820052585296
-0.713849724308129
-0.715529975000113
-0.717503143171889
-0.719333271903909
-0.720610260209632
-0.721053195820836
-0.720583942105130
-0.719348491023647
-0.717679563620591
-0.716012459346022
-0.714778940426921
-0.714306535363359
-0.714744746935870
-0.716030896914335
-0.717901185015881
-0.719946788424222
-0.721707206140651
-0.722782308347177
-0.722934811045108
-0.722153267191198
-0.720655936924823
-0.718834660395926
-0.717156516449529
-0.716051453911633
-0.715813449661435
-0.716534747030406
-0.718083740164231
-0.720130533585061
-0.722218303474592
-0.723869590326382
-0.724704690938264
-0.724540466826494
-0.723439652675834
-0.721695125710984
-0.719754677489043
-0.718109756351121
-0.717178977639579
-0.717213249358059
-0.718239730592293
-0.720053130068583
-0.722256970489827
-0.724350941223700
-0.725849698601099
-0.726405543861145
-0.725900316941559
-0.724477812629757
-0.722506586950366
-0.720485727292485
-0.718922382622158
-0.718213494490644
-0.718557015222129
-0.719907252239297
-0.721981014113980
-0.724315859698970
-0.726374066017636
-0.727673087640096
-0.727909886863263
-0.727042234992509
-0.725300993852521
-0.723129961268151
-0.721073273190368
-0.719643844357066
-0.719205819839882
-0.719893989383013
-0.721582179390661
-0.723905781900316
-0.726338345277416
-0.728312595384097
-0.729361178457629
-0.729239364087588
-0.727991683578854
-0.725940915843385
-0.723603953544124
-0.721562055012761
-0.720322706939491
-0.720205392978867
-0.721271264276655
-0.723306273846451
-0.725861774560351
-0.728350867161839
-0.730186616185269
-0.730931038597632
-0.730412201516712
-0.728771803045588
-0.726427921792261
-0.723966483285390
-0.721996195958929
-0.721006684959317
-0.721260205653875
-0.722733579321808
-0.725117856220248
-0.727878868614528
-0.730374763940791
-0.732011113832513
-0.732395303047789
-0.731443316609389
-0.729403651236639
-0.726791270477513
-0.724254964125738
-0.722419427762122
-0.721742780554386
-0.722416817051940
-0.724323183055411
-0.727051524419770
-0.729982123600958
-0.732425972399716
-0.733795841734394
-0.733762271198510
-0.732344621036071
-0.729906634277050
-0.727059605311575
-0.724506742962887
-0.722875456036944
-0.722577535731531
-0.723720447945589
-0.726079737334257
-0.729137891242599
-0.732191454247489
-0.734514783188599
-0.735545288593620
-0.735036133728057
-0.733125464766967
-0.730299071550330
-0.727261542274954
-0.724759642925103
-0.723408413825857
-0.723557349897986
-0.725215106582661
-0.728040220138986
-0.731403307383891
-0.734521308124724
-0.736645649517351
-0.737258749784808
-0.736217335858576
-0.733793221496266
-0.730598886178031
-0.727426360456064
-0.725052586887927
-0.724063371109748
-0.724728817570964
-0.726943688053348
-0.730238761097179
-0.733869507348378
-0.736980299883819
-0.738817014860430
-0.738930479695464
-0.737303059004024
-0.734353999481699
-0.730824408491833
-0.727584789124986
-0.725426303696118
-0.724886907650496
-0.726139093673948
-0.728948052340337
-0.732706416798954
-0.736553196388182
-0.739570835386258
-0.741021204402885
-0.740549970997627
-0.738287858213176
-0.734813501721105
-0.730995303697215
-0.727769894383882
-0.725924113156085
-0.725927735163750
-0.727836257856643
-0.731269039403802
-0.735470844307738
-0.739465553188872
-0.742288727114374
-0.743244405191165
-0.742102398180791
-0.739164495333590
-0.735178074277722
-0.731359177582008
-0.728074340700822
-0.726772368946410
-0.728301493640111
-0.732778736618463
-0.739642388799171
-0.747838698992499
-0.756083168890531
-0.763145695550057
-0.768116099462634
-0.770604284314714
-0.770826594496715
-0.769544784849605
-0.767864192786871
-0.766946883633691
-0.767724210665583
-0.770686008805063
-0.775790294595369
-0.782499105974452
-0.789918692774137
-0.797009225686606
-0.802824185511472
-0.806734198942174
-0.808583505407106
-0.808730634819444
-0.807951899887485
-0.807233267178114
-0.807516328898849
-0.809472318438730
-0.813356475068912
-0.818739057696861
-0.825633374253811
-0.832482596852950
-0.837884381177166
-0.840862807491801
-0.841013572264649
-0.838527486943174
-0.834114988724970
-0.828851153744069
-0.823957125722623
-0.820543713781845
-0.819364017995167
-0.820638242906398
-0.824006855870474
-0.828632092515335
-0.833417166277667
-0.837274527081826
-0.839368466660612
-0.839280077438491
-0.837073859083403
-0.833267225616887
-0.828713955573879
-0.824419197575527
-0.821315625287324
-0.820046632226477
-0.820812124559622
-0.823323334779826
-0.826882636646398
-0.830564235975012
-0.833441227089245
-0.834797504211229
-0.834277878864059
-0.831953071415951
-0.828295264086990
-0.824071740980428
-0.820174188453300
-0.817414476590245
-0.816331778922570
-0.817061432951790
-0.819304347913123
-0.822407210260596
-0.825529322753839
-0.827847324892395
-0.828744130378974
-0.827940991648905
-0.825550960521948
-0.822048652255967
-0.818163325282432
-0.814713818596851
-0.812417484823807
-0.811717235993311
-0.812672815115678
-0.814948312169015
-0.817900143962352
-0.820739282299230
-0.822721701758321
-0.823318763484039
-0.822331321939046
-0.819928474372267
-0.816606851894584
-0.813078438543739
-0.810107213131639
-0.808328308980466
-0.808093164516773
-0.809382728621106
-0.811814264571518
-0.814739938483062
-0.817408264048208
-0.819143891731224
-0.819501664627808
-0.818363071080620
-0.815958949464064
-0.812816142520407
-0.809637901037573
-0.807140601308590
-0.805882133640661
-0.806124657231739
-0.807769633440351
-0.810384269913059
-0.813311634446033
-0.815832698170619
-0.817336899542707
-0.817460806376843
-0.816166995640133
-0.813750010532682
-0.810769334080981
-0.807921536928258
-0.805876758252605
-0.805116481893931
-0.805814197127675
-0.807792397166272
-0.810568586482927
-0.813476817722411
-0.815830403834661
-0.817083487391181
-0.816954469544696
-0.815487176050178
-0.813039632933147
-0.810202930270852
-0.807665083482941
-0.806047822406071
-0.805754662020911
-0.806870250018627
-0.809139561017105
-0.812033067616865
-0.814878949064911
-0.817025755375770
-0.817994501881935
-0.817586557545143
-0.815926804735970
-0.813434956794254
-0.810730296952997
-0.808487800234197
-0.807276390052748
-0.807418711551025
-0.808910209338615
-0.811420713823972
-0.814378076026152
-0.817109829140804
-0.819004580443586
-0.819653719087086
-0.818943176925278
-0.817078205263734
-0.814537088737491
-0.811962074224366
-0.810008763363187
-0.809187466624745
-0.809736421923240
-0.811561750484266
-0.814261497668435
-0.817226731195901
-0.819791074694786
-0.821389266557154
-0.821687307883727
-0.820657349059035
-0.818583677775033
-0.815998816923856
-0.813561258665860
-0.811899540354426
-0.811458699313908
-0.812388891193734
-0.814507353647211
-0.817344753943648
-0.820262448556006
-0.822608017389125
-0.823869206390138
-0.823791191334869
-0.822433761482194
-0.820158125698898
-0.817545532873857
-0.815262723071611
-0.813902467214221
-0.813837427833424
-0.815126240407879
-0.817498499818050
-0.820422998044203
-0.823239544576264
-0.825318398262703
-0.826207667605992
-0.825736287922031
-0.824052642610587
-0.821591840397125
-0.818977172816721
-0.816874500421849
-0.815831383743561
-0.816140894545571
-0.817767244515579
-0.820354611888978
-0.823316541621322
-0.825980438149579
-0.827748608264625
-0.828237110474207
-0.827363012300614
-0.825363592208123
-0.822743819396434
-0.820161168325298
-0.818270482632203
-0.817564154828907
-0.818248613133473
-0.820191521669109
-0.822954996549257
-0.825905101604718
-0.828366853856688
-0.829784451306590
-0.829849524101424
-0.828571238963048
-0.826275252139212
-0.823531230507035
-0.821021786980174
-0.819379709873717
-0.819031961217089
-0.820091685318004
-0.822328865109096
-0.825228150438959
-0.828117024793023
-0.830328915987060
-0.831360083523878
-0.830985216845915
-0.829308972999371
-0.826743898025524
-0.823917970243445
-0.821528704703864
-0.820175003867167
-0.820208034975720
-0.821641662429632
-0.824148230446623
-0.827140847738437
-0.829918436831967
-0.831834323295961
-0.832447192853499
-0.831621996802017
-0.829561538740719
-0.826762647848491
-0.823903907706367
-0.821686308489777
-0.820662362603864
-0.821097182403543
-0.822900225111790
-0.825647581573332
-0.828688141190942
-0.831303375830687
-0.832878593017193
-0.833045339489800
-0.831765601844965
-0.829342093304873
-0.826352051466097
-0.823515545104834
-0.821524434556381
-0.820871798749222
-0.821726755227269
-0.823890315106313
-0.826845195654808
-0.829884835966841
-0.832285419968795
-0.833476826525100
-0.833173847553163
-0.831441704279085
-0.828683725624822
-0.825552260628409
-0.822798241659408
-0.821090647098608
-0.820849695917235
-0.822139120791925
-0.824648755208504
-0.827772454632742
-0.830758457369030
-0.832890825792258
-0.833657009723494
-0.832865256724545
-0.830689495745626
-0.827633144248527
-0.824416782245727
-0.821810003021067
-0.820444057542576
-0.820652678779915
-0.822385621116711
-0.825220334702574
-0.828468081495720
-0.831343647269172
-0.833153085762489
-0.833454728892651
-0.832160187281594
-0.829556678506290
-0.826245755182427
-0.823007596936861
-0.820616607309783
-0.819650455052746
-0.820342776984647
-0.822521816862059
-0.825653178520854
-0.828973665092868
-0.831677859572533
-0.833108798894517
-0.832909214265416
-0.831103542637584
-0.828095791766408
-0.824582057491512
-0.821391564007167
-0.819287979193362
-0.818778646089164
-0.819983761976093
-0.822603872954704
-0.825995231025334
-0.829330276471852
-0.831798128829787
-0.832794603124022
-0.832060439364927
-0.829741761204884
-0.826361575754562
-0.822705054659585
-0.819637813721563
-0.817895523636061
-0.817897733347223
-0.819638414739282
-0.822685875001690
-0.826291675417746
-0.829576028532788
-0.831738791766945
-0.832245070458768
-0.830947188647154
-0.828121031620996
-0.824409276423788
-0.820678567768682
-0.817815992406040
-0.816510262388688
-0.817075155754835
-0.819366522299631
-0.822817851956355
-0.826583042883651
-0.829744313288399
-0.831529880783089
-0.831491274501408
-0.829605800999365
-0.826286181962468
-0.822293610638897
-0.818566182650227
-0.815995108848428
-0.815201544029526
-0.816375285029793
-0.819223426377519
-0.823044353725853
-0.826903883252583
-0.829862610269237
-0.831196099485304
-0.830559952035923
-0.828069512609754
-0.824280158687951
-0.820068291464839
-0.816430710739705
-0.814242843895999
-0.814036175400475
-0.815858417714092
-0.819258957596276
-0.823403415342908
-0.827281829139094
-0.829951698364095
-0.830756217561477
-0.829473101563432
-0.826368250362624
-0.822143955388826
-0.817785981617432
-0.814334041009958
-0.812625210410442
-0.813077871593436
-0.815580070512757
-0.819516670473499
-0.823925826685344
-0.827736972887001
-0.830025191847066
-0.830222805149469
-0.828247938513824
-0.824528789050469
-0.819916889358427
-0.815498553885234
-0.812337242246886
-0.811206409396894
-0.812386866640211
-0.815590422748549
-0.820033230545866
-0.824634568912674
-0.828281429557469
-0.830089286377813
-0.829602205939703
-0.826897116739226
-0.822575188404418
-0.817637147378971
-0.813257582448241
-0.810500843296752
-0.810048816704812
-0.812019626133013
-0.815933854870650
-0.820837906376849
-0.825544369940286
-0.828919036079264
-0.830142663085015
-0.828894697123168
-0.825429162957495
-0.820529450579696
-0.815342524691442
-0.811114969451593
-0.808885179865925
-0.809212980525607
-0.812028543202223
-0.816648470170423
-0.821952061531566
-0.826661284864511
-0.829645104447439
-0.830176483382860
-0.828094782049000
-0.823849079667698
-0.818412354243729
-0.813071309958124
-0.809123654223710
-0.807550752447019
-0.808757577138969
-0.812461572485036
-0.817765562820177
-0.823388617098166
-0.827982274786119
-0.830446205988630
-0.830174457665258
-0.827191607162894
-0.822159111041824
-0.816244454304697
-0.810863289126524
-0.807338360279997
-0.806558539608605
-0.808739268256594
-0.813361749212848
-0.819308982881166
-0.825151433180303
-0.829494729480887
-0.831299931232642
-0.830112933888721
-0.826169448860347
-0.820359610469449
-0.814047167819127
-0.808760766395043
-0.805816260567120
-0.805970139891168
-0.809212336208390
-0.814766481964339
-0.821294302794642
-0.827234533240889
-0.831175878622263
-0.832174593336094
-0.829961001053098
-0.825008290273293
-0.818450042821346
-0.811843976601156
-0.806809618454857
-0.804617562719603
-0.805847740927337
-0.810228104308569
-0.816706638706731
-0.823727813070429
-0.829621199018137
-0.832992118282756
-0.833028909122510
-0.829680655490467
-0.823684548438541
-0.816430181324235
-0.809661790397642
-0.805060406111684
-0.803806029026405
-0.806253933023051
-0.811834171358735
-0.819205467130718
-0.826605393560696
-0.832282981717454
-0.834898295879794
-0.833811699370792
-0.829227069541643
-0.822171974132719
-0.814301481222913
-0.807532392104085
-0.803569399773294
-0.803449235344281
-0.807251143048454
-0.814073225711472
-0.822277112996250
-0.829911023372429
-0.835178393666600
-0.836836730643446
-0.834461415882287
-0.828548809666022
-0.820442607119976
