Zydip_Im
0.999097664634843
0.999087427441024
0.999075904737821
0.999062896624973
0.999048202047993
0.999031635382046
0.999013059497509
0.998992431448938
0.998969849629177
0.998945583840204
0.998920067640979
0.998893841855009
0.998867459670129
0.998841384680122
0.998815917907688
0.998791173419074
0.998767099036982
0.998743524763987
0.998720220566951
0.998696951569318
0.998669893291071
0.998637502092382
0.998597858454156
0.998548762833316
0.998488072090359
0.998414301196146
0.998327243586088
0.998228132232501
0.998119093157595
0.998002225107973
0.997878868405547
0.997749313201559
0.997612850015393
0.997467988155313
0.997312758183601
0.997145108186533
0.996963422810452
0.996767106569011
0.996557001179562
0.996335315345233
0.996104943955008
0.995868470292354
0.995627353771950
0.995381596734125
0.995129846581439
0.994869747824398
0.994598415761193
0.994313007601706
0.994011400017620
0.993692899935942
0.993362373322024
0.993024336553535
0.992684809286947
0.992349923922820
0.992024408484200
0.991710382473344
0.991406760897951
0.991109526411491
0.990812904899285
0.990511021565123
0.990199461847500
0.989876427442486
0.989543364173677
0.989204866367075
0.988867658968201
0.988538791657434
0.988223617776832
0.987924252665767
0.987638973542615
0.987362707559950
0.987088441487713
0.986809077826062
0.986519179023777
0.986216264168645
0.985901539539295
0.985579912053958
0.985259058973436
0.984947539031201
0.984652409465156
0.984377149517674
0.984120601334557
0.983877267550319
0.983638850009360
0.983396477756350
0.983142887703226
0.982874046253089
0.982590060504864
0.982295334080566
0.981997810805100
0.981707190148580
0.981432389187363
0.981178995524577
0.980947587886813
0.980733509854908
0.980528172917874
0.980321415019704
0.980104088238941
0.979870142584845
0.979617891342235
0.979350431221956
0.979075158865423
0.978802245785867
0.978542162290964
0.978302829672539
0.978087316721522
0.977892891412102
0.977711767337286
0.977533275156157
0.977346680453076
0.977143750129553
0.976920511019634
0.976678069083309
0.976422488429490
0.976163633375398
0.975912938681222
0.975680469411687
0.975472105421677
0.975287807331788
0.975121583461710
0.974963170759215
0.974800822354500
0.974624255381240
0.974426963213284
0.974207551991732
0.973970070337238
0.973723295784660
0.973478889284005
0.973248575724835
0.973041003515973
0.972859275540418
0.972700016187069
0.972554309724944
0.972410168434276
0.972255663066310
0.972081755273811
0.971884230456688
0.971664566411562
0.971429725562322
0.971190793769666
0.970960470710162
0.970749833290478
0.970565276410598
0.970406659467615
0.970267316965275
0.970135922590085
0.969999539158866
0.969846843283761
0.969670675317758
0.969469525780972
0.969247895827633
0.969015488668938
0.968785161688727
0.968569831831634
0.968379044087890
0.968216275617721
0.968077911999704
0.967954256230577
0.967832198119462
0.967698617058747
0.967543493856024
0.967362069427686
0.967155840100620
0.966932355828764
0.966703743379315
0.966483970490345
0.966285307806488
0.966114963258955
0.965973013083698
0.965852357339942
0.965740702282522
0.965623856245399
0.965489259025639
0.965328819629909
0.965140612325643
0.964929335484002
0.964705478574125
0.964483122104112
0.964276569532536
0.964096569038893
0.963947294251944
0.963825129851447
0.963719683150579
0.963616639919695
0.963501473970324
0.963362896423582
0.963195300366231
0.962999941347885
0.962784802184621
0.962563052132139
0.962350103508738
0.962159732772231
0.962000318271849
0.961872445873849
0.961768722835102
0.961675844793798
0.961578163170239
0.961461581521278
0.961316749805006
0.961141031201528
0.960939116692589
0.960722222503537
0.960505772990310
0.960305747033105
0.960134479862687
0.959997207259552
0.959890549963710
0.959803462780172
0.959720277854659
0.959624775191792
0.959504045675148
0.959351292857634
0.959167259545906
0.958960216727957
0.958744408905727
0.958536919707733
0.958353409277340
0.958203852321217
0.958089690912844
0.958003405977468
0.957930629955639
0.957854017208238
0.957757582141463
0.957630332501224
0.957468578004011
0.957276762428595
0.957066750606485
0.956855437639423
0.956660804092075
0.956497222349400
0.956371434867780
0.956280604461222
0.956213116943604
0.956151802999989
0.956078428229741
0.955978058579936
0.955842304051847
0.955671061626509
0.955472693041282
0.955262517590304
0.955059518510568
0.954881662943382
0.954741029769917
0.954640358613484
0.954572249194256
0.954521259953093
0.954468104732225
0.954394514829279
0.954287409006656
0.954141627840341
0.953961054140511
0.953758060110227
0.953551103720477
0.953360506816582
0.953203195582457
0.953087966867660
0.953012939446638
0.952966093266489
0.952928641359217
0.952879995438035
0.952802735876661
0.952686398537675
0.952529615930584
0.952340558530528
0.952135552359685
0.951935683112829
0.951761683628859
0.951628337946840
0.951540247930873
0.951490490762188
0.951462610444332
0.951435149241550
0.951387121936290
0.951302838833403
0.951175165477052
0.951007012487478
0.950811025193729
0.950607252067288
0.950418688949932
0.950265397808408
0.950158899697407
0.950098821914605
0.950073012396373
0.950061002523551
0.950039498892373
0.949988075155703
0.949893624227267
0.949752993120484
0.949573771152570
0.949373127413792
0.949174401032253
0.949001572135526
0.948872832900782
0.948795362022807
0.948763220366434
0.948759095767563
0.948759155003889
0.948739224946288
0.948680407178947
0.948572984168632
0.948418368984145
0.948229129526673
0.948026840285064
0.947837475114024
0.947684876048935
0.947584099873835
0.947537008343528
0.947531738040345
0.947546151897174
0.947553896902945
0.947530953432115
0.947460903085568
0.947338169995684
0.947169245104627
0.946971853205804
0.946771655590384
0.946596366124887
0.946468396480787
0.946398396479447
0.946382104552623
0.946401644775613
0.946430650921096
0.946441253066165
0.946410652891821
0.946325825537142
0.946186030027599
0.946003264931691
0.945800438882506
0.945606746710324
0.945450504781990
0.945351275907451
0.945314094830948
0.945327997751033
0.945369301772062
0.945408247544469
0.945416563465286
0.945373738252179
0.945271004194933
0.945113089305325
0.944917831212584
0.944713159502339
0.944530982773015
0.944398851111379
0.944331991474709
0.944328751566507
0.944371165083478
0.944430248443511
0.944473890910558
0.944474599066093
0.944415184342223
0.944291947967208
0.944115660419858
0.943910204967333
0.943708134312770
0.943542960685585
0.943439898375100
0.943408355632026
0.943439130248526
0.943507271975680
0.943579294964145
0.943621938010044
0.943609683901888
0.943529656019402
0.943383988525222
0.943189999452065
0.942977659184736
0.942783460258078
0.942641108127481
0.942571761525277
0.942577612661331
0.942641324944976
0.942731327134239
0.942810694932835
0.942846323015513
0.942815848963600
0.942711647456982
0.942542410627283
0.942332422302507
0.942117562295885
0.941937246232392
0.941823671513280
0.941792142328129
0.941836410850054
0.941930760427232
0.942037714305457
0.942118195529233
0.942140609675362
0.942086882928963
0.941955539841687
0.941762521631859
0.941539374194065
0.941327422818169
0.941167616226430
0.941088686809091
0.941098294281072
0.941180789082365
0.941302216991264
0.941420250900325
0.941495110188998
0.941498063059180
0.941416403802983
0.941255682723476
0.941039744269310
0.940807514935549
0.940604939105558
0.940472714106889
0.940433956659915
0.940487003541545
0.940606190072611
0.940749886896043
0.940872276677229
0.940934419572429
0.940911753709106
0.940797976183497
0.940606538970840
0.940369786262613
0.940133885507301
0.939948132946147
0.939850800192534
0.939857133603087
0.939954690498972
0.940107603730530
0.940267561193887
0.940386862135766
0.940428976237932
0.940374752025220
0.940225305667553
0.940002887168382
0.939748833723157
0.939516052181190
0.939355415631896
0.939300247475269
0.939355679778086
0.939497370852593
0.939679553966928
0.939848640159427
0.939956819957243
0.939971500614000
0.939880115503367
0.939692239671309
0.939439845481525
0.939173571818172
0.938952078893325
0.938825490803331
0.938819392817467
0.938926704175193
0.939110514992574
0.939315997795480
0.939486058288904
0.939574628241687
0.939554492635914
0.939420807155000
0.939192720656733
0.938912862193098
0.938641173320608
0.938440466203964
0.938357236205218
0.938406394676450
0.938566841649213
0.938788985852188
0.939010329511361
0.939172326881515
0.939232477535560
0.939170275412802
0.938989757766210
0.938720888497648
0.938417839789383
0.938149382856506
0.937980147114693
0.937949618357700
0.938059110308201
0.938272143639246
0.938526981463358
0.938755375499785
0.938899549489744
0.938922284572079
0.938811022707683
0.938579948528287
0.938271243785457
0.937951343105707
0.937696690829058
0.937570582463698
0.937601728264620
0.937775115213773
0.938038127852324
0.938318138346907
0.938543527837177
0.938659537954129
0.938635769059657
0.938468821539708
0.938184508296485
0.937838794010479
0.937510733215312
0.937282373362465
0.937211693314958
0.937312651048243
0.937551574208606
0.937859710014974
0.938155543273019
0.938366796337698
0.938443852924811
0.938364474289699
0.938135714275941
0.937796828623394
0.937419226991046
0.937094293906244
0.936906479066607
0.936903707742981
0.937081227458798
0.937384984132815
0.937730988297900
0.938031563910385
0.938216632605090
0.938243583936446
0.938099524832005
0.937803509571363
0.937410492217282
0.937008913808361
0.936701176869873
0.936569645023610
0.936646882111223
0.936905743792568
0.937270905544281
0.937601444936256
0.937603482276859
0.937148075758595
0.936188875345471
0.934879473622845
0.933569799803803
0.932559223436191
0.931944259201583
0.931691210841938
0.931722779028765
0.931943723613545
0.932238508132580
0.932472697232978
0.932508818642782
0.932230596015059
0.931571724286404
0.930556974295492
0.929337549498191
0.928150024521269
0.927195544628908
0.926565458191018
0.926258946106584
0.926221456108645
0.926361758019936
0.926557594204065
0.926670342953803
0.926572438331233
0.926175224843738
0.925451467373129
0.924456619122304
0.923377721748344
0.922606063308610
0.922360933121054
0.922732871886060
0.923571793833807
0.924511902419447
0.925232403571565
0.925613237203049
0.925659475120160
0.925409665031569
0.924909036919509
0.924223553259290
0.923466075967614
0.922804167234409
0.922424433146643
0.922463400992279
0.922938124101989
0.923710723616395
0.924541576221373
0.925219355801603
0.925637916833455
0.925775770293922
0.925652364824670
0.925309569693394
0.924817902014582
0.924289022795670
0.923870169200305
0.923706698603368
0.923886890452158
0.924397171228157
0.925114333931985
0.925856625888194
0.926467170810226
0.926859972161914
0.927011159342114
0.926934726749807
0.926671642397095
0.926293586009977
0.925907181096412
0.925640700092466
0.925607728958760
0.925863506896544
0.926376757099698
0.927035469918011
0.927693050075323
0.928227280689188
0.928569743968574
0.928700522239746
0.928633582685112
0.928410743502612
0.928103867956909
0.927813371724855
0.927650371654329
0.927702819350277
0.928001370197838
0.928503063250085
0.929104735708669
0.929684165450520
0.930143669345457
0.930429350478222
0.930527039658078
0.930453093845674
0.930251206256115
0.929993046755104
0.929772438608533
0.929684918706666
0.929797042728218
0.930120309265609
0.930603698318219
0.931151586126306
0.931660149638814
0.932050249203108
0.932279989250538
0.932341276902820
0.932253930996633
0.932063988327635
0.931842598314977
0.931676777029403
0.931647722627114
0.931803684000494
0.932140837902863
0.932602643943322
0.933100328049606
0.933544813865169
0.933871646015568
0.934048999073183
0.934074703330402
0.933972477096792
0.933790801889225
0.933599897323158
0.933479752203044
0.933498191905335
0.933687529304033
0.934031529407532
0.934470074055681
0.934920884296150
0.935307220690019
0.935576671742846
0.935706027172347
0.935698755229407
0.935582596834529
0.935408338727141
0.935244764251423
0.935164572862257
0.935222984282287
0.935438283959608
0.935784156701731
0.936198474152613
0.936605274836553
0.936938468491037
0.937155803936401
0.937241596869491
0.937204661072842
0.937076714171880
0.936910539758137
0.936772893243640
0.936728887543734
0.936821774654985
0.937057420700585
0.937401382469675
0.937790827409181
0.938156019028834
0.938440271563302
0.938610106852888
0.938656552742177
0.938593508218691
0.938456516190465
0.938299921515180
0.938187794263991
0.938177348415995
0.938300430932596
0.938551901166734
0.938890877209999
0.939254930352990
0.939580490668558
0.939819321120794
0.939945675261406
0.939956690221612
0.939871127248921
0.939728123817598
0.939583044199755
0.939496568238979
0.939517703878454
0.939667422175895
0.939930863713150
0.940262208357764
0.940600380579080
0.940887925390867
0.941084297663799
0.941170692445170
0.941149914164231
0.941045390711088
0.940899550010078
0.940768141027738
0.940707719018159
0.940758804863598
0.940932021476308
0.941204000861640
0.941525342139022
0.941837136299903
0.942087982753114
0.942244416150890
0.942293974554978
0.942244812078168
0.942124840195802
0.941979396644021
0.941863896453283
0.941830023317074
0.941909574075677
0.942103374223398
0.942380712071998
0.942689848175474
0.942974734026100
0.943189948435354
0.943308606421537
0.943324142817090
0.943249838062383
0.943117897467196
0.942976103614970
0.942878743212311
0.942871887234925
0.942978432843721
0.943190001201082
0.943469677048948
0.943764524903972
0.944021941989334
0.944202395093590
0.944285173419317
0.944269285987628
0.944172985094318
0.944032553540618
0.943897660827867
0.943820604840561
0.943841126088531
0.943973122731398
0.944199661327861
0.944478750844774
0.944757310698487
0.944986668541841
0.945133075145139
0.945181670634384
0.945136819637935
0.945021637768254
0.944876220034584
0.944751463739796
0.944696762851178
0.944744851414703
0.944900620275116
0.945139299005573
0.945414940814521
0.945675281802395
0.945875972293984
0.945988935866563
0.946004916937898
0.945933505121307
0.945802592845177
0.945655751063069
0.945544338382642
0.945513889921669
0.945589518353584
0.945767202493317
0.946015127774638
0.946284502894409
0.946524751895205
0.946696155371527
0.946776199725053
0.946761061711452
0.946665498377888
0.946522090885205
0.946377455790687
0.946282536502902
0.946278032976335
0.946380902030492
0.946578422645617
0.946832608025485
0.947092919883728
0.947311248781544
0.947452737728474
0.947500337848425
0.947455560264293
0.947338330356777
0.947185801202279
0.947047087872578
0.946971734386902
0.946994628354631
0.947124136185322
0.947339176601493
0.947596541475851
0.947845018391397
0.948039646804788
0.948150600143644
0.948166218872225
0.948093325095153
0.947957055388344
0.947798960037462
0.947669968319167
0.947617140070098
0.947668597503737
0.947823802259626
0.948053789887453
0.948311155837994
0.948545048501937
0.948714240841611
0.948794053170548
0.948778176176843
0.948678792908875
0.948526315452842
0.948366425875215
0.948251027948700
0.948223526904654
0.948304377146469
0.948483961203634
0.948726054294372
0.948980144525345
0.949196722124614
0.949338780224553
0.949386866870930
0.949340033594408
0.949215945762255
0.949050351838863
0.948892674105435
0.948794784014746
0.948795196669126
0.948905876601047
0.949108113125922
0.949359194132559
0.949606639044794
0.949803189351488
0.949916450834798
0.949932263170300
0.949855113143844
0.949708335236571
0.949533039201314
0.949381832403545
0.949305374247657
0.949336017055613
0.949476524338610
0.949699258126242
0.949955942958945
0.950193296070734
0.950367132108883
0.950449974827087
0.950433023295507
0.950326352250532
0.950159206378966
0.949978006384508
0.949837789004416
0.949786652836003
0.949849511911529
0.950019360355993
0.950259997852258
0.950518654404327
0.950742412706053
0.950890878898538
0.950941726350867
0.950891609718949
0.950756434156224
0.950571631352461
0.950388758148284
0.950264289387991
0.950242260773749
0.950338909421502
0.950537068776731
0.950792556756606
0.951049310490069
0.951255916348261
0.951376376303177
0.951393689581314
0.951310118120179
0.951147740152234
0.950948456659406
0.950768605203833
0.950664844852392
0.950675520070984
0.950807034273410
0.951031879697954
0.951298702924817
0.951549459353933
0.951735312917875
0.951825147076016
0.951807432448617
0.951690275391345
0.951502374339641
0.951292344250206
0.951120701948799
0.951042757553702
0.951089450222457
0.951256322323793
0.951505591660291
0.951779780988890
0.952020251263405
0.952181719470632
0.952238319217926
0.952184140622777
0.952033488002639
0.951822226878956
0.951605833164576
0.951448087962441
0.951401139748404
0.951486774340642
0.951688826332344
0.951959588592615
0.952236742051147
0.952462472718880
0.952595893002555
0.952616651794720
0.952524648799350
0.952340889667527
0.952109036414209
0.951891393963643
0.951753713138208
0.951742908797531
0.951869893323606
0.952106181627705
0.952394809444906
0.952670117167919
0.952876511942859
0.952978185511466
0.952960487193506
0.952829406692444
0.952613335237221
0.952364404659312
0.952151436329171
0.952040420521931
0.952070750765977
0.952240843309309
0.952509573128987
0.952811736875282
0.953080020412104
0.953262361937268
0.953328540189566
0.953269747439387
0.953098492783305
0.952851443595656
0.952589853522481
0.952388345418024
0.952310948147228
0.952387097041440
0.952601260582820
0.952899708584990
0.953210388976790
0.953466148257375
0.953619612410513
0.953646475120341
0.953543925181801
0.953331635917043
0.953055661664798
0.952786902795597
0.952604531355163
0.952567941177379
0.952694110674226
0.952952358104787
0.953276806162885
0.953590322972175
0.953827779253798
0.953947427855166
0.953931040809774
0.953782037684372
0.953528194426846
0.953226274228264
0.952957069969053
0.952802379715846
0.952813856718812
0.952993562835125
0.953294797060215
0.953640488982540
0.953950553392697
0.954163693309482
0.954244454988910
0.954180723450247
0.953982556592040
0.953687148525434
0.953363454836594
0.953101919549323
0.952984259345849
0.953050937521372
0.953286786271898
0.953628644086599
0.953989770827498
0.954289551673867
0.954472151780324
0.954508767558282
0.954393364730008
0.954143338603068
0.953807081780871
0.953467274832133
0.953223023567636
0.953152411430675
0.953281051067436
0.953574486009013
0.953953194252602
0.954322917552791
0.954605121587391
0.954750753131788
0.954737693568419
0.954565982488506
0.954261494830027
0.953886143538809
0.953537707355416
0.953321917331181
0.953308847389522
0.953505549376750
0.953856579386675
0.954266837038601
0.954637352291325
0.954894302006521
0.954996295449864
0.955071433445636
0.955325160004953
0.955783564320114
0.956415548300000
0.957144452484266
0.957879445176101
0.958546210610442
0.959095313413874
0.959492850547197
0.959718907594621
0.959781982889674
0.959727963077317
0.959629247061917
0.959563244080062
0.959592674558178
0.959752553781823
0.960045671839790
0.960447657583616
0.960918378443880
0.961410471322275
0.961868918674779
0.962231899150809
0.962449619811334
0.962511480439430
0.962453036837769
0.962338790521794
0.962238816883265
0.962211340458041
0.962293219092193
0.962497507562766
0.962672861976724
0.962596450085752
0.962237669935068
0.961642948510393
0.960925010797572
0.960223957130430
0.959660865505081
0.959309112580754
0.959190052074258
0.959282296497170
0.959532865160945
0.959866374159882
0.960194741084327
0.960431084854146
0.960508278937006
0.960397425980086
0.960118013292940
0.959732990034253
0.959329077880370
0.958991023968397
0.958780977306783
0.958728607836784
0.958830284106992
0.959053007126212
0.959340803191841
0.959624076445946
0.959833007423799
0.959913868296877
0.959843828947311
0.959638245256220
0.959346412791214
0.959036820314355
0.958777969391610
0.958622074971842
0.958595717999817
0.958697191448964
0.958898450950364
0.959150485129077
0.959392353272430
0.959564015148051
0.959621049629020
0.959546975773002
0.959358326566123
0.959099903345091
0.958831787581579
0.958613196607478
0.958488767354434
0.958480319835187
0.958584117828908
0.958772425625926
0.958998764636462
0.959207020812084
0.959343946092675
0.959372647772002
0.959282897103027
0.959094234813740
0.958850333098630
0.958606668017353
0.958416117074487
0.958317041137804
0.958326174198834
0.958436340697329
0.958618244186665
0.958826057747052
0.959006838987998
0.959112838238671
0.959113907324583
0.959005983675948
0.958812339185518
0.958576913399113
0.958352214027313
0.958186106950330
0.958111318320701
0.958139402904004
0.958259133131169
0.958438823079798
0.958632491805451
0.958789707283130
0.958867729405023
0.958842853136206
0.958717121566061
0.958517780180906
0.958289564286952
0.958082675623963
0.957940528939542
0.957890486810487
0.957938864271213
0.958070096996748
0.958249771559933
0.958431499300189
0.958567226020827
0.958619158164639
0.958569973185839
0.958427751116492
0.958223686634748
0.958003384124417
0.957814898595281
0.957697353572775
0.957672812831459
0.957742295098022
0.957885785905365
0.958066086181483
0.958236472220122
0.958351446045004
0.958378332886170
0.958306242735570
0.958149184981908
0.957942100478041
0.957731268088735
0.957562474067169
0.957470490912734
0.957472037340230
0.957562787271592
0.957718275860174
0.957898647637696
0.958057132490452
0.958151161747791
0.958153478953313
0.958059710581542
0.957889626721152
0.957681576977470
0.957482149827303
0.957334577394384
0.957269099614708
0.957296987345402
0.957408539796275
0.957574931674829
0.957753921661437
0.957899138086185
0.957971438833166
0.957949344970034
0.957835068820575
0.957653897333069
0.957447143322452
0.957261227829074
0.957136447839387
0.957098263786740
0.957152372428169
0.957283696644318
0.957459222595113
0.957634712060050
0.957764755208538
0.957814212252869
0.957767754758840
0.957634203179072
0.957444034401044
0.957240989875002
0.957070771159813
0.956970304854844
0.956959993650544
0.957039830978192
0.957189398755025
0.957371746390625
0.957541133646497
0.957653769797725
0.957679137416691
0.957608411812538
0.957456974750490
0.957260079985936
0.957063289121852
0.956910983328024
0.956836256167958
0.956854162926345
0.956958875587349
0.957124716040821
0.957311131393567
0.957471473041365
0.957564301180623
0.957564357728746
0.957469629021405
0.957301926950165
0.957100782814652
0.956912909381538
0.956780736429979
0.956733051243142
0.956779273818591
0.956907657855830
0.957087400668003
0.957274769285946
0.957422893764122
0.957493475343034
0.957467145801794
0.957348942706591
0.957166881514528
0.956964187977483
0.956788008180291
0.956678172996986
0.956658690470188
0.956733067587719
0.956883573059631
0.957074479443060
0.957259389420953
0.957391988910644
0.957437952472048
0.957384404088673
0.957243587564097
0.957049392953888
0.956848078268799
0.956686467119881
0.956601137750520
0.956610852992614
0.956712945226648
0.956883670659371
0.957082652290282
0.957261444694149
0.957375152037931
0.957394280315649
0.957312999037496
0.957150812481702
0.956947049576185
0.956750265213794
0.956606176560031
0.956547456382995
0.956587167595507
0.956716227975970
0.956904903195137
0.957108530155775
0.957277338831815
0.957368793035570
0.957359096725318
0.957249948762183
0.957068054069923
0.956857636162779
0.956668745664539
0.956545189809449
0.956515088843388
0.956585364665406
0.956740307731886
0.956944276466587
0.957148787043258
0.957303581508192
0.957369495438321
0.957329285797244
0.957192574942155
0.956993082809612
0.956779275333213
0.956601839967328
0.956501858540682
0.956502260351989
0.956603400470029
0.956782763606475
0.956998960212157
0.957200268195601
0.957336895886920
0.957374121754087
0.957302077781121
0.957138593949908
0.956924084434081
0.956710500673087
0.956548259026240
0.956474894561070
0.956507516847378
0.956639505302396
0.956841404242488
0.957066328519020
0.957260032878283
0.957374265318239
0.957379862075871
0.957275095364609
0.957086157124403
0.956859692915431
0.956650282967097
0.956507125045185
0.956463384512749
0.956529731973803
0.956692182013510
0.956914260037045
0.957143951184405
0.957325350262962
0.957412935963292
0.957384241408490
0.957246361219259
0.957033854849708
0.956798989547754
0.956598025508706
0.956477963362868
0.956466777166169
0.956568087553793
0.956760178955922
0.956999552241633
0.957229565499038
0.957393679537694
0.957450405956741
0.957385114040789
0.957214292029976
0.956980705858663
0.956741486873685
0.956553543538376
0.956460677961738
0.956484853208578
0.956622035370016
0.956842444864783
0.957095646381431
0.957321036449874
0.957462642683669
0.957484411261281
0.957380658024680
0.957177695408785
0.956926152436645
0.956687120876315
0.956517053758367
0.956455537385598
0.956517704091976
0.956691266332068
0.956938089165568
0.957201010713245
0.957416322297011
0.957530002442553
0.957512914571768
0.957369368646818
0.957135760904600
0.956870044903723
0.956636228995190
0.956489147276804
0.956463141451093
0.956565690026352
0.956775657652221
0.957046322579311
0.957314160014462
0.957513432257236
0.957593639145206
0.957534098626310
0.957350060712591
0.957088063412944
0.956812642037610
0.956589547177277
0.956470782901735
0.956484407928334
0.956629414392914
0.956875232930751
0.957166407708531
0.957433608277201
0.957610392521504
0.957651533526721
0.957546361275259
0.957321866780506
0.957034557085026
0.956754598231671
0.956548191598706
0.956463264018325
0.956520541247392
0.956709679697303
0.956990104770074
0.957297596724336
0.957557816165789
0.957705214664543
0.957701758016663
0.957548322344336
0.957284248921794
0.956975583627703
0.956696965772523
0.956513655840211
0.956468229459403
0.956573011610234
0.956807448899292
0.957120419085365
0.957439070738623
0.957685142297941
0.957795870676238
0.957742475315596
0.957538836250622
0.957237012983423
0.956911880519733
0.956641196522372
0.956487807975225
0.956487644015077
0.956643531509293
0.956923801340620
0.957266294236956
0.957589877931221
0.957813800228090
0.957880278761458
0.957771949680666
0.957517016322012
0.957180332805323
0.956844598704394
0.956589153869298
0.956472898327027
0.956523797804715
0.956734037511037
0.957059891163075
0.957427763423630
0.957748881340627
0.957941832821172
0.957956312574017
0.957788583853703
0.957482283568389
0.957114796342882
0.956775340366056
0.956543144419389
0.956471586289320
0.956579321427953
0.956846681746063
0.957216909593060
0.957604720312200
0.957914714256622
0.958067099813696
0.958021825924258
0.957790969418660
0.957434424104618
0.957041455727274
0.956706199192834
0.956505952984456
0.956486969943040
0.956657200041783
0.956983816152936
0.957396037137827
0.957796859323478
0.958085740985338
0.958187281339376
0.958074699543294
0.957777960208630
0.957373666808655
0.956961895349931
0.956639818894084
0.956480896696629
0.956522633101098
0.956760798069493
0.957147978016074
0.957598391368593
0.958003614311909
0.958260024065142
0.958299893697569
0.958112900463320
0.957748753305240
0.957300761807971
0.956878296753985
0.956579449234573
0.956471879035028
0.956582691042606
0.956893876146423
0.957341860213707
0.957824959645799
0.958224093784146
0.958435303893786
0.958402329346063
0.958134569826705
0.957702996005952
0.957217079775017
0.956793522051282
0.956529021957212
0.956483464109821
0.956671850770070
0.957060609799289
0.957568270266099
0.958076518867425
0.958457013874163
0.958608989481740
0.958491915635391
0.958138129599783
0.957640905768578
0.957124719207551
0.956711207608427
0.956493245169158
0.956520976020795
0.956795494801787
0.957265621732105
0.957830096024835
0.958353570284545
0.958700667446671
0.958778204505366
0.958566038092487
0.958122452044051
0.957563443934351
0.957026659144295
0.956635901679895
0.956477743490511
0.956458259064657
0.958453491556070
0.962295629094229
0.967359291034497
0.972701462299632
0.977321625046133
0.980446249584426
0.981717203804320
0.981226204693163
0.979421970644384
0.976958073500785
0.974540730211610
0.972802999452433
0.972204229080888
0.972948670300691
0.974932662535100
0.977748126689932
0.980769024593899
0.983315346581795
0.984842977713962
0.985085991175364
0.984101490730257
0.982217332758405
0.979923360680111
0.977753469608258
0.976184024672212
0.975551111639243
0.975984821375971
0.977370289910017
0.979356859173554
0.981565350857786
0.981565803329167
0.979039249308939
0.974307369446200
0.968245988630876
0.962017099608475
0.956735189817027
0.953206807286168
0.951808927081909
0.952483411420681
0.954794144840841
0.958016234547300
0.961258902835953
0.963631977472689
0.964443336474064
0.963378424112652
0.960593139238830
0.956671191872833
0.952453473708905
0.948806157266040
0.946413288092982
0.945647980313729
0.946527793887535
0.948733968532343
0.951678262920035
0.954614681167362
0.956793851183625
0.957638932260498
0.956896976104892
0.954711064136904
0.951579973758852
0.948216508676568
0.945357213442818
0.943588106322423
0.943229055439107
0.944286219073004
0.946463165207779
0.949221834521504
0.951890294320235
0.953809496619038
0.954493235135823
0.953756932144786
0.951769451171413
0.949005364619272
0.946113297907553
0.943747431182471
0.942415403336362
0.942376932919551
0.943602036461839
0.945783945376448
0.948401569616317
0.950827812499630
0.952471827917114
0.952925998982428
0.952074813160881
0.950126973378991
0.947556937227912
0.944976039465361
0.942977516684352
0.942001145396981
0.942245399783227
0.943634451581330
0.945837186977148
0.948334852958916
0.950532314212642
0.951897212988508
0.952095061052979
0.951079226006861
0.949103745937726
0.946653019017307
0.944312807351824
0.942625122332472
0.941966883342827
0.942474986845570
0.944023410687232
0.946250551702293
0.948634022984055
0.950605911971758
0.951689053310377
0.951620161605203
0.950421081048337
0.948392627734503
0.946032386121130
0.943904736683530
0.942504125708046
0.942146441201505
0.942906629027095
0.944606630021505
0.946852330870962
0.949116543353028
0.950858445432759
0.951656347559334
0.951318080604939
0.949933235200937
0.947848426929051
0.945573823926537
0.943652443547498
0.942531464641344
0.942465769812551
0.943467951143777
0.945307573102366
0.947558547005935
0.949690722238771
0.951193047715940
0.951701619480148
0.951096117156718
0.949532612105841
0.947400832497419
0.945220523046222
0.943510896295764
0.942670246795185
0.942891511328090
0.944124646528471
0.946087613640917
0.948324691083784
0.950306657827692
0.951556698919829
0.951772092411386
0.950905270326723
0.949176813105331
0.947015540145628
0.944946168589781
0.943460175450159
0.942904279319362
0.943408078939797
0.944858884980536
0.946924781205105
0.949124170695384
0.950934146625964
0.951917731129160
0.951837252304821
0.950718541567882
0.948843896834580
0.946676110197133
0.944739170677042
0.943491993612299
0.943226466535360
0.944007333515928
0.945659642363002
0.947804216572295
0.949938533809107
0.951552516937063
0.952255315923314
0.951878220473250
0.950520561621801
0.948522679595798
0.946375296949710
0.944595214873828
0.943603446056624
0.943633550511775
0.944683991364863
0.946518430381598
0.948713927652926
0.950753043301902
0.952145920845931
0.952554487813806
0.951882634195578
0.950302542505110
0.948208009684689
0.946110863720715
0.944513738801676
0.943794141524865
0.944123775578409
0.945433636396118
0.947427461143986
0.949642938388216
0.951554689308578
0.952701146405480
0.952803757759897
0.951842133347397
0.950059767976846
0.947898420374744
0.945883537170491
0.944496262423184
0.944064901252824
0.944695880427965
0.946251895941072
0.948378894420690
0.950580512871454
0.952331319458032
0.953206611647021
0.952993967336312
0.951751116245751
0.949790333375247
0.947594954915443
0.945696004173747
0.944545600779024
0.944417178077115
0.945348674806199
0.947134110810581
0.949364542253624
0.951515847234387
0.953071278843562
0.953651923910310
0.953117757940554
0.951606139286443
0.949494526509361
0.947300593874084
0.945552440086950
0.944665515244231
0.944852818681550
0.946080879955663
0.948075220891865
0.950375775868391
0.952437977430747
0.953763296337936
0.954027720666865
0.953169351525255
0.951405644863522
0.949174533662609
0.947019981158138
0.945458286545323
0.944860551513001
0.945373948640637
0.946891042668694
0.949069697955699
0.951403476494157
0.953335747776684
0.954396458424752
0.954325625898688
0.953144470695415
0.951149841745630
0.948834296437868
0.946759283037499
0.945420130260475
0.945135937703129
0.945982877943936
0.947777439969008
0.950111457404997
0.952437972745785
0.954197784135265
0.954960208324813
0.954538250085517
0.953040313401579
0.950840645271635
0.948479426676670
0.946526093236312
0.945445605382135
0.945497477741572
0.946681976005846
0.948737940487610
0.951193730042878
0.953468953025703
0.955012463651914
0.955444363379509
0.954659224832382
0.952855574015012
0.950481668514970
0.948117169346188
0.946329375360417
0.945543314388834
0.945951440415844
0.947473523762870
0.949769835122237
0.952308909347449
0.954485371831962
0.955767898499529
0.955839160803531
0.954683273949295
0.952590503359594
0.950078252178553
0.947756400954110
0.946179431610661
0.945722760271747
0.946504442207572
0.948359546645557
0.950869648175117
0.953448392540217
0.955475368352838
0.956451948578299
0.956135343098181
0.954606327174605
0.952247009277631
0.949637530499478
0.947407656410467
0.946087888171651
0.945994278302714
0.947163312481841
0.949341619942037
0.952032924636825
0.954602414113377
0.956426198928699
0.957052264939123
0.956324279723114
0.954425666864841
0.951828782901243
0.949168515680015
0.947083167157534
0.946067679454935
0.946368949101250
0.947934922345624
0.950420631147606
0.953253983590114
0.955759867160088
0.957324181050844
0.957556358786861
0.956398118460277
0.954140101150597
0.951341446216101
0.948682198421583
0.946796907497116
0.946133028717161
0.946858492805201
0.948825982502600
0.951596510757745
0.954525656617620
0.956908137038657
0.958154674129706
0.957951721644690
0.956349987421148
0.953750177534942
0.950792728663083
0.948191668764341
0.946564653042239
0.946299426687703
0.947475141511493
0.949842804676062
0.952867928335703
0.955839013478947
0.958032954487594
0.958902107103831
0.958226003016396
0.956174251067082
0.953258440905204
0.950192679407372
0.947712266465767
0.946404058546991
0.946583611480120
0.948231492489882
0.950991030981893
0.954231965132771
0.957183092288223
0.959118286925286
0.959550066673310
0.958367252862417
0.955866820029822
0.952669728641007
0.949553903217295
0.947261744784074
0.946334737024793
0.947003531070346
0.949140321954106
0.952275315352713
0.955683754917128
0.958544637188860
0.960146280449968
0.960081464343518
0.958364249061005
0.955425534396473
0.951991523787199
0.948891844322009
0.946860474358098
0.946378362748164
0.947578302204646
0.950214367568475
0.953698964175263
0.957216105297668
0.959907859493756
0.961097265172639
0.960478784151343
0.958206897372417
0.954850598349362
0.951234339041256
0.948225088962033
0.946531656077431
0.946558764934375
0.948328130227554
0.951466045667287
0.955263512480118
0.958819092539096
0.961254228943320
0.961949838841514
0.960724430590755
0.957886725546423
0.954145087830212
0.950412156596093
0.947575714298037
0.946301569475694
0.946902032289526
0.949274201894261
0.952907112480567
0.956968250662883
0.960479654471366
0.962562327649437
0.962681058768701
0.960801194292586
0.957397475075151
0.953315526592037
0.949542916100515
0.946969678195320
0.946199849070257
0.947436612838170
0.950438530285614
0.954548250496025
0.958809697114702
0.962181194685102
0.963807788715294
0.963266764799158
0.960692854222613
0.956735804933232
0.952372544240297
0.948649068972394
0.946437266986520
0.946259799763803
0.948193408992754
0.951843737925828
0.956398566677458
0.960781016802023
0.963903213705185
0.964963341711314
0.963682048608784
0.960384918560455
0.955902096089997
0.951331600401541
0.947758185455325
0.946013592467767
0.946518737665037
0.949205843006581
0.953512751341590
0.958464989023097
0.962871399081387
0.965621003370169
0.965999008503233
0.963901908422303
0.959865531850054
0.954901379341025
0.950213800930688
0.946903646772292
0.945739168626322
0.947018373804144
0.950509892172953
0.955468396051007
0.960751561410332
0.965065420360116
0.967305448850937
0.966882497972162
0.963902127572150
0.959126573824520
0.953744403616643
0.949046828521047
0.946125455442059
0.945660602570396
0.947805263797038
0.952144097481400
0.957732892620502
0.963258663764999
0.967342453114326
0.968923017305038
0.967579871291644
0.963660427569770
0.958164976733771
0.952448860889640
0.947866006750611
0.945471185375634
0.945831410711405
0.948931304313648
0.954149500373511
0.960327209094810
0.965982144095032
0.969676144947081
0.970435972933001
0.968056512109125
0.963157912224911
0.956984262356244
0.951040772228591
0.946715521356481
0.944997111561124
0.944843996768006
0.950417840286546
0.962320021013348
0.979244785897472
0.996867043421114
1.00986297432922
1.01558004626641
1.01456417497143
1.00891497772453
1.00102020010206
0.992979930461801
0.986388267318677
0.982307118924543
0.981335326273789
0.983646296373719
0.988860789141160
0.995761655898609
1.00224006637678
1.00600634668840
1.00572383111204
1.00151737786471
0.994624740309549
0.986735913313851
0.979438078493676
0.973901375298532
0.970792951612490
0.970320413344493
0.972275912639197
0.975994499089404
0.980272608755965
0.984952103719823
0.984135387871566
0.975632165789874
0.959723594508863
0.940310200339813
0.922792389751139
0.910347921933195
0.903386858156630
0.901111311364875
0.902551113750722
0.906778859093414
0.912743277277555
0.919047129204725
0.923937969391899
0.925683574220671
0.923229583723801
0.916813385463487
0.908092267806358
0.899412720737967
0.892669665821114
0.888772988372970
0.887858944992333
0.889653626735747
0.893633405576231
0.898989698298612
0.904560823411008
0.908933671501041
0.910809858431885
0.909498867087550
0.905271185191759
0.899329469465422
0.893308480964766
0.888604128402823
0.886017843283529
0.885802636475809
0.887834445346956
0.891694440961727
0.896646971774378
0.901631634656648
0.905419670053088
0.906967612829254
0.905813955707876
0.902301736181983
0.897478586938950
0.892678742589914
0.889035761067364
0.887229679684474
0.887500711299705
0.889746153335165
0.893560251322252
0.898217828302241
0.902707542442980
0.905926447692555
0.907020871474723
0.905711741184910
0.902427704842447
0.898156084824526
0.894064805638576
0.891116696766832
0.889884907583358
0.890562348022982
0.893021836553652
0.896832282100179
0.901251523570143
0.905296214547337
0.907966495675640
0.908571519795096
0.906993517508002
0.903749027260254
0.899800586961093
0.896204229048553
0.893793844735484
0.893047242299748
0.894097989578890
0.896773562264871
0.900598546887970
0.904801819585792
0.908422146009525
0.910556589225889
0.910666147794972
0.908782423011276
0.905506308046286
0.901787443914877
0.898593473255548
0.896650318529504
0.896348081222105
0.897755709702550
0.900643925801704
0.904482908329342
0.908469131981471
0.911666276207083
0.913270666629546
0.912891321592882
0.910700453597780
0.907375868627382
0.903854935513049
0.901026536781892
0.899519914628786
0.899642420604402
0.901395312876564
0.904485325470651
0.908323160542419
0.912075098421320
0.914838027662577
0.915914321588867
0.915060118165778
0.912579953469730
0.909218174738727
0.905894684655510
0.903422657081512
0.902341176932323
0.902878020131734
0.904964285477574
0.908237637025392
0.912047719280452
0.915537108073293
0.917847841744476
0.918397225475727
0.917088260113622
0.914348662004602
0.910976700424713
0.907866652672163
0.905756003627283
0.905097759453367
0.906041982063837
0.908447101167025
0.911878011329939
0.915624648346849
0.918815920821507
0.920653358610965
0.920678675935323
0.918940784309335
0.915979925052909
0.912634015963741
0.909762283425115
0.908025350080350
0.907792876039461
0.909137956737525
0.911843552043733
0.915399277723845
0.919039515702689
0.921892608501602
0.923235364570969
0.922742930950293
0.920607649784402
0.917469838122177
0.914191704760521
0.911587827925670
0.910240556302740
0.910438062164919
0.912176162603385
0.915159215985809
0.918800354989868
0.922285440690662
0.924758005598272
0.925586565288491
0.924587496046007
0.922092024204048
0.918826256085315
0.915660812793283
0.913356578147275
0.912416425837856
0.913048159241681
0.915168941938975
0.918401174985057
0.922081915626892
0.925358551190212
0.927407792995769
0.927706217035677
0.926217393366157
0.923404470921185
0.920063351101661
0.917057217029201
0.915085227697690
0.914569928442434
0.915639087689721
0.918128768091587
0.921576069991027
0.925244424894402
0.928255926982068
0.929840210987971
0.929597530339080
0.927642289815608
0.924559972920321
0.921198842232454
0.918399344921253
0.916792162532185
0.916718940320016
0.918226820672908
0.921067273600528
0.924689135760233
0.928287210024893
0.930974654846522
0.932054979330126
0.931266377385432
0.928874989276247
0.925576327500998
0.922252527647487
0.919707031475591
0.918496660874747
0.918881671556084
0.920826881324491
0.923994729046203
0.927743704686344
0.931208063272730
0.933511481126292
0.934052878922066
0.932720717566727
0.929930673998209
0.926473296499596
0.923245536804616
0.921000995338155
0.920218568526729
0.921076421748645
0.923454056148847
0.926919692569287
0.930740908326466
0.934003091841996
0.935862749158354
0.935835656213146
0.933970375160540
0.930826513685652
0.927272138736569
0.924199954233851
0.922302628303199
0.921978196379326
0.923321463766311
0.926122171848947
0.929848722999729
0.933679498935582
0.936666738358499
0.938024532802597
0.937406142317523
0.935027036060632
0.931581495076250
0.927995376567145
0.925138674955913
0.923633973912045
0.923796336445988
0.925634970019176
0.928843864081990
0.932786098127487
0.936555732281882
0.939191899186200
0.939992880571301
0.938768489725766
0.935904355094898
0.932216363799445
0.928666701184513
0.926085408692270
0.925017827310407
0.925694346900309
0.928034947998511
0.931630330147920
0.935733560750351
0.939363348527717
0.941570169068344
0.941764186467680
0.939928522643124
0.936618148328576
0.932753647967924
0.929310981287974
0.927064789734792
0.926477909187148
0.927694252100522
0.930539126355747
0.934491014056751
0.938690056510824
0.942093613413046
0.943792164602173
0.943335639519309
0.940894149700510
0.937186620995027
0.933217729189220
0.929954359091072
0.928102589320779
0.928039119088469
0.929818869495003
0.933164813049857
0.937433271702540
0.941651538583733
0.944735490796697
0.945847981654321
0.944705789462451
0.941675849718087
0.937630627947136
0.933634962732580
0.930624431497312
0.929226014804368
0.929727837127801
0.932091913135952
0.935928668438902
0.940461980746007
0.944610820695651
0.947275919199989
0.947727757118830
0.945875201416954
0.942287198252082
0.937973944237936
0.934033841790788
0.931350517594584
0.930464099475665
0.931572275921716
0.934538071466835
0.938846402103344
0.943579139223360
0.947557538656979
0.949700236246686
0.949422364685806
0.946847209166809
0.942745423362983
0.938243541167681
0.934445221361207
0.932164035920460
0.931848200890183
0.933602883927312
0.937183037368437
0.941932380216074
0.946783481533585
0.950478256751865
0.951992769901459
0.950924264683104
0.947628776923860
0.943071990256329
0.938469889318687
0.934902634325148
0.933099012476685
0.933412614375077
0.935852785380011
0.940053463480775
0.945199148287240
0.950070163528903
0.953356762576771
0.954137620732609
0.952228524905501
0.948231459041623
0.943293197870723
0.938687299161738
0.935442733334085
0.934192763560666
0.935195339733825
0.938358269631688
0.943176835803274
0.948656901854415
0.953430593855044
0.956174605047289
0.956119676757845
0.953334048412075
0.948672466071646
0.943440800889161
0.938934345884946
0.936105910701497
0.935486789666506
0.937239012111897
0.941159296343948
0.946581224065970
0.952312937312476
0.956852480000158
0.958911908154939
0.957925885714885
0.954245017053401
0.948975806859747
0.943552647233674
0.939254410914269
0.936937141884743
0.937027927228703
0.939592020221431
0.944299995367461
0.950294897188220
0.956171158540901
0.960320172355980
0.961548498412202
0.959546825897001
0.954972561514451
0.949173487839935
0.943673357647739
0.939696407567780
0.937987126246000
0.938869821090383
0.942309833218839
0.947829122258037
0.954345807929554
0.960231762392630
0.963815410561121
0.964065417014095
0.960978662330243
0.955536698604307
0.949306789614614
0.943855130167788
0.940315812054352
0.939313852830854
0.941074838430780
0.945456594842174
0.951800457619797
0.958761025917613
0.964491288644671
0.967318582491800
0.966446900719272
0.962225570944111
0.955968535536375
0.949427625528657
0.944158758459748
0.941176121422238
0.940984720521350
0.943716530718060
0.949106997073110
0.956273104668219
0.963566236694632
0.968943230953077
0.970810589123446
0.968682943644340
0.963302735790188
0.956312756845921
0.949600048965023
0.944655018594861
0.942350917355071
0.943079403775852
0.946882807867928
0.953348461842695
0.961311678674560
0.968785535364108
0.973579432419070
0.974275412984780
0.970772586408634
0.964239994904487
0.956630366192055
0.949901985377880
0.945426600998679
0.943926749093079
0.945693713774756
0.950680018258205
0.958283629999253
0.966986446689593
0.974441889969522
0.978392526181811
0.977703574101085
0.972728209802587
0.965086289830224
0.957001777712859
0.950427445369013
0.946570918079200
0.946007198651356
0.948944856189907
0.955238224559928
0.964033189595302
0.973373648438871
0.980558787675849
0.983379649763021
0.981096689008762
0.974581124110978
0.965914984789515
0.957530340771576
0.951289512353538
0.948204167491425
0.948718601454310
0.952978648040724
0.960718052335306
0.970739116488067
0.980556532419174
0.987163777917325
0.988547794150026
0.984473655822526
0.976389003593123
0.966830306778828
0.958346693505979
0.952624706739379
0.950467307279654
