Zydip_Re
0.999339232572755
0.999362337668166
0.999384677569983
0.999406037052009
0.999426228478039
0.999445069955798
0.999462367423617
0.999477908532624
0.999491472460505
0.999502859265350
0.999511936179178
0.999518690930815
0.999523274809981
0.999526013892812
0.999527374640286
0.999527887168185
0.999528049702194
0.999528246820441
0.999528702770583
0.999529476011828
0.999530485542719
0.999531929573658
0.999533929320935
0.999536542226886
0.999539761402966
0.999543503956584
0.999547598746391
0.999551787884786
0.999555754593527
0.999559177429635
0.999561793857640
0.999563448518168
0.999564109625214
0.999563853280348
0.999562828466057
0.999561216054149
0.999559191180688
0.999556893124884
0.999554403227378
0.999551733748039
0.999548830371656
0.999545589759826
0.999541889597974
0.999537622080953
0.999532721358967
0.999527176347145
0.999521028792765
0.999514358734697
0.999507263970879
0.999499838274561
0.999492152084180
0.999483864924285
0.999474628549828
0.999464130021539
0.999452151520410
0.999438633446742
0.999423719329888
0.999407758582627
0.999391253802004
0.999374760582221
0.999358770413984
0.999343615491108
0.999329421324513
0.999316111181565
0.999303450191797
0.999291111636039
0.999278752072684
0.999266082612662
0.999252927483705
0.999239257276496
0.999225188992828
0.999210951546556
0.999196824601297
0.999183068632376
0.999169864829227
0.999157279878315
0.999145259877440
0.999133651804389
0.999122244227146
0.999110818111513
0.999099197439829
0.999087288847353
0.999075101310516
0.999062740562422
0.999050379529358
0.999038213287941
0.999026410797877
0.999015076084438
0.999004227442587
0.998993797757869
0.998983654038359
0.998973630488206
0.998963567970821
0.998953351397193
0.998942935667367
0.998932354817063
0.998921710891960
0.998911146664716
0.998900808805952
0.998890812181680
0.998881213639138
0.998872000734870
0.998863096992391
0.998854381483842
0.998845717987430
0.998836987191643
0.998828114584917
0.998819087178398
0.998809955038789
0.998800816952232
0.998791794513623
0.998783001479490
0.998774516343815
0.998766364610652
0.998758514088469
0.998750883586616
0.998743362707814
0.998735838130416
0.998728220331942
0.998720464539291
0.998712580498616
0.998704628700665
0.998696704002824
0.998688911304611
0.998681339622475
0.998674040875160
0.998667018292552
0.998660226353104
0.998653582184087
0.998646985244000
0.998640341233011
0.998633584381398
0.998626692853059
0.998619693022529
0.998612651922281
0.998605659715054
0.998598807003169
0.998592162750362
0.998585758071551
0.998579579343519
0.998573571737361
0.998567652428535
0.998561730280882
0.998555727444972
0.998549597852137
0.998543337875667
0.998536986406461
0.998530614326058
0.998524306582172
0.998518141080519
0.998512169957208
0.998506407414707
0.998500826687281
0.998495366483578
0.998489945510007
0.998484481791263
0.998478912194205
0.998473207530473
0.998467378990060
0.998461474871081
0.998455567975654
0.998449737390566
0.998444049198556
0.998438540769744
0.998433212067161
0.998428025772970
0.998422916089785
0.998417804341145
0.998412617704233
0.998407306623094
0.998401856655070
0.998396291455293
0.998390666510930
0.998385054996523
0.998379529752706
0.998374145794024
0.998368927266171
0.998363861862280
0.998358903644520
0.998353983978557
0.998349027653382
0.998343970979557
0.998338776980512
0.998333444273108
0.998328006962718
0.998322525831529
0.998317073204999
0.998311715357649
0.998306496701605
0.998301429348542
0.998296490298857
0.998291626719270
0.998286768382262
0.998281844387032
0.998276800165833
0.998271610635900
0.998266286082099
0.998260869425452
0.998255425140064
0.998250023683458
0.998244724359780
0.998239561409407
0.998234535909851
0.998229615466246
0.998224741716676
0.998219844002212
0.998214856374894
0.998209733374480
0.998204461187888
0.998199060578131
0.998193581663009
0.998188091483203
0.998182657733234
0.998177332629599
0.998172140552773
0.998167072393340
0.998162087573722
0.998157123248898
0.998152109402607
0.998146985527814
0.998141715307115
0.998136295437128
0.998130756147370
0.998125153545735
0.998119556057467
0.998114027907565
0.998108614026341
0.998103329391600
0.998098155522998
0.998093044414896
0.998087929933968
0.998082743439632
0.998077430243209
0.998071963048760
0.998066348378746
0.998060624847039
0.998054853532476
0.998049103358797
0.998043434641340
0.998037884951767
0.998032460236327
0.998027133238567
0.998021849609108
0.998016540584079
0.998011139515332
0.998005597907342
0.997999897214461
0.997994053255500
0.997988112221174
0.997982139314730
0.997976203303230
0.997970360306703
0.997964640623851
0.997959041558919
0.997953527632477
0.997948038770863
0.997942504359101
0.997936860149133
0.997931063945874
0.997925105851228
0.997919010435469
0.997912830711792
0.997906635448726
0.997900492793694
0.997894454506182
0.997888543685828
0.997882749158951
0.997877027878516
0.997871314413822
0.997865536695711
0.997859633283071
0.997853568251285
0.997847340022197
0.997840981571399
0.997834552371307
0.997828124256636
0.997821764563673
0.997815520634547
0.997809408472718
0.997803408774733
0.997797470762319
0.997791523989442
0.997785495045763
0.997779325304312
0.997772985267293
0.997766481543134
0.997759855248859
0.997753172084195
0.997746506874282
0.997739926248212
0.997733473151809
0.997727156532331
0.997720948731622
0.997714791422464
0.997708608990822
0.997702326768995
0.997695889072237
0.997689272663058
0.997682492444516
0.997675597712541
0.997668660518323
0.997661758846903
0.997654958630751
0.997648298426984
0.997641779951683
0.997635366947902
0.997628993038451
0.997622577248256
0.997616043404926
0.997609338629714
0.997602446417350
0.997595390221629
0.997588228019374
0.997581038730196
0.997573903943398
0.997566889326743
0.997560028950005
0.997553316695607
0.997546706978438
0.997540124552860
0.997533482381610
0.997526702535738
0.997519735223724
0.997512570856731
0.997505242274957
0.997497816969175
0.997490381573572
0.997483021925751
0.997475803463867
0.997468755385589
0.997461863005018
0.997455070070351
0.997448291474669
0.997441433288480
0.997434415527770
0.997427191806267
0.997419760397219
0.997412164631277
0.997404482861766
0.997396810626571
0.997389238691346
0.997381832192898
0.997374614755515
0.997367561527882
0.997360603914385
0.997353645107407
0.997346583326900
0.997339336573629
0.997331862481005
0.997324168620890
0.997316310629973
0.997308379603865
0.997300481402245
0.997292712525876
0.997285137535472
0.997277772955240
0.997270581657986
0.997263480334188
0.997256358628404
0.997249105992331
0.997241638436230
0.997233919079780
0.997225966792220
0.997217851998344
0.997209680831601
0.997201571078179
0.997193625475061
0.997185907200777
0.997178423417090
0.997171121619536
0.997163900718881
0.997156634840226
0.997149203695089
0.997141522257476
0.997133561052474
0.997125353252983
0.997116987262655
0.997108586968982
0.997100283861417
0.997092186922473
0.997084356112710
0.997076785994236
0.997069404797716
0.997062090097516
0.997054698144819
0.997047098721673
0.997039207108990
0.997031004331953
0.997022541820138
0.997013929823884
0.997005313152237
0.996996838600873
0.996988620694012
0.996980713282204
0.996973093930382
0.996965666606096
0.996958283489926
0.996950780723512
0.996943018587713
0.996934915429035
0.996926467041619
0.996917747886205
0.996908894772479
0.996900076633408
0.996891456554841
0.996883152994778
0.996875209389786
0.996867580289652
0.996860139604943
0.996852709884561
0.996845105722447
0.996837179301420
0.996828855960124
0.996820151875733
0.996811170646595
0.996802080890995
0.996793079006199
0.996784344546867
0.996775996756870
0.996768062685831
0.996760466443639
0.996753044987210
0.996745586993341
0.996737884874708
0.996729785490330
0.996721226914210
0.996712252825775
0.996703003172484
0.996693684024937
0.996684522142147
0.996675712647648
0.996667370514401
0.996659498128016
0.996651980290023
0.996644609467346
0.996637136690562
0.996629332806456
0.996621044273902
0.996612229323139
0.996602967825940
0.996593444233186
0.996583907990390
0.996574618239861
0.996565782855828
0.996557504839455
0.996549751658946
0.996542358051348
0.996535064579251
0.996527581706623
0.996519661277015
0.996511156359792
0.996502055131875
0.996492484165226
0.996482681509773
0.996472945799246
0.996463569255622
0.996454767073361
0.996446620045753
0.996439047415034
0.996431821918047
0.996424624643560
0.996417124286947
0.996409058876022
0.996400297583922
0.996390870799192
0.996380963768077
0.996370878014262
0.996360966550424
0.996351553394807
0.996342852833875
0.996334909413725
0.996327578643614
0.996320558448216
0.996313463763259
0.996305922988072
0.996297668186346
0.996288597531523
0.996278797951658
0.996268527177519
0.996258160300046
0.996248108631323
0.996238723685853
0.996230206328703
0.996222546939459
0.996215519057365
0.996208732534503
0.996201731778027
0.996194109073910
0.996185602636742
0.996176155731532
0.996165928996502
0.996155267871355
0.996144631127240
0.996134490270643
0.996125216165501
0.996116978633198
0.996109691754722
0.996103026638216
0.996096492428703
0.996089560802184
0.996081796670266
0.996072960254217
0.996063059507195
0.996052348639721
0.996041277134028
0.996030396825875
0.996020238303928
0.996011178245196
0.996003332438138
0.995996511884185
0.995990263293691
0.995983984157574
0.995977075740312
0.995969089186586
0.995959827496606
0.995949386806801
0.995938137000868
0.995926648781011
0.995915574639399
0.995905498281422
0.995896781967103
0.995889456974748
0.995882635765185
0.995874618097155
0.995865999768096
0.995857190358993
0.995848382271959
0.995839506716862
0.995830211505848
0.995819920475151
0.995807994865316
0.995793930711039
0.995777479818885
0.995758636388146
0.995737529371617
0.995714306790405
0.995689072922834
0.995661886734211
0.995632789995433
0.995601827130343
0.995569040440388
0.995534456051325
0.995498086863499
0.995459955773894
0.995420113125611
0.995378615113142
0.995335463315997
0.995290542528616
0.995243601498738
0.995194297153127
0.995142286918487
0.995087329819740
0.995029922113725
0.994971293976607
0.994910441654059
0.994846746149630
0.994780080145011
0.994710832540486
0.994639825093517
0.994568109878277
0.994496677405747
0.994426169915970
0.994356719641838
0.994287971270410
0.994219252155440
0.994149808585518
0.994079036168105
0.994006653078535
0.993932776297841
0.993857879495682
0.993782646659171
0.993707772648024
0.993633770029613
0.993560827956592
0.993488754364251
0.993417019932835
0.993344895270235
0.993271647931990
0.993196756258454
0.993120092233000
0.993042016302889
0.992963327791663
0.992885056048404
0.992808154138793
0.992733209649585
0.992660275629357
0.992588861679209
0.992518064482505
0.992446784242008
0.992373971417784
0.992298866589324
0.992221208400459
0.992141371202354
0.992060365915357
0.991979643499737
0.991900712131421
0.991824688013160
0.991751953248353
0.991682046745554
0.991613803493644
0.991545665000926
0.991476046566581
0.991403674395916
0.991327857718816
0.991248684005977
0.991167097906194
0.991084786112132
0.991003812493760
0.990926059135264
0.990852661067158
0.990783657371125
0.990717984996993
0.990653789083969
0.990588908454707
0.990521371146003
0.990449797520972
0.990373686774236
0.990293584384976
0.990211081616188
0.990128557766838
0.990048628113311
0.989973415742214
0.989903907570383
0.989839650972745
0.989778895506879
0.989719093300187
0.989657549558237
0.989592019963630
0.989521152966274
0.989444771206956
0.989363992106281
0.989281122585507
0.989199229908634
0.989121388978803
0.989049803384876
0.988985130553204
0.988926280781630
0.988870748599612
0.988815313724688
0.988756838915418
0.988692938407480
0.988622432989583
0.988545606460280
0.988464258245847
0.988381463331090
0.988300943403532
0.988226108442725
0.988159058134549
0.988099933932046
0.988046878518120
0.987996590830733
0.987945227751915
0.987889322437741
0.987826491366546
0.987755877649095
0.987678363459899
0.987596529699127
0.987514248128476
0.987435827310719
0.987364854235516
0.987303121644621
0.987250071904190
0.987202972691485
0.987157719812461
0.987109926819574
0.987055930135503
0.986993502346352
0.986922261765787
0.986843821857968
0.986761629002405
0.986680350980607
0.986604777786244
0.986538483978983
0.986482740197348
0.986436119056100
0.986394936726246
0.986354314241169
0.986309430198337
0.986256573988787
0.986193834883154
0.986121459497798
0.986041917534146
0.985959583917611
0.985879886615553
0.985807952074284
0.985747124669087
0.985697933834695
0.985657932734600
0.985622445588905
0.985585883796592
0.985543125187154
0.985490574781770
0.985426803426816
0.985352837344950
0.985272116239338
0.985189980318256
0.985112542038096
0.985045079045962
0.984990465208427
0.984948274128811
0.984914918921468
0.984884732127611
0.984851516555675
0.984810005786229
0.984756892533445
0.984691396399237
0.984615470650192
0.984533623159987
0.984452163509460
0.984377768475364
0.984315642915361
0.984267934178033
0.984233059636009
0.984206208416730
0.984180764515301
0.984150056526927
0.984108847914851
0.984054297412909
0.983986441355924
0.983908301453402
0.983825531610295
0.983745375900006
0.983674907793658
0.983618999534462
0.983578808842485
0.983551420191186
0.983530757730814
0.983509343500165
0.983480195822142
0.983438295486080
0.983381449971816
0.983310679925523
0.983230208218294
0.983146885886818
0.983068811095210
0.983003236690298
0.982954412332292
0.982922246085285
0.982902346369917
0.982887379555362
0.982869134692288
0.982840508255803
0.982796895060297
0.982736936383760
0.982662803705014
0.982580041142570
0.982496714123544
0.982421642352566
0.982361991260896
0.982321075244756
0.982297306478989
0.982284716988370
0.982274773761235
0.982258701086252
0.982229481195378
0.982183125381520
0.982119295998413
0.982041479887767
0.981956644776396
0.981874045559295
0.981803032645060
0.981750370108686
0.981718111203524
0.981702952153540
0.981697299161342
0.981691530944234
0.981676509743667
0.981645524895170
0.981595410160705
0.981527038501419
0.981445372744557
0.981358882420820
0.981277934975374
0.981212158361125
0.981167558794095
0.981144601171291
0.981138083291113
0.981138794083777
0.981136186332854
0.981120991353170
0.981087035226343
0.981032182904721
0.980958710164846
0.980873209654648
0.980785697387061
0.980707514761566
0.980648248710941
0.980612756573714
0.980599599730122
0.980601545243066
0.980607836460275
0.980607211223775
0.980590522326038
0.980552366995926
0.980491853277858
0.980412855897062
0.980323739675818
0.980236067276692
0.980161943657524
0.980110531155113
0.980085123473762
0.980082089782529
0.980092095556918
0.980102975846887
0.980103006793005
0.980083429508397
0.980039848679055
0.979972832267599
0.979888054432952
0.979795775789292
0.979709047983510
0.979640447793832
0.979598268095825
0.979583814124676
0.979591016820738
0.979608440593225
0.979622715386452
0.979621943700439
0.979598029045190
0.979547821429953
0.979473573855217
0.979382963077106
0.979288240179724
0.979203814397407
0.979142354493878
0.979110784933496
0.979108004321816
0.979125317756830
0.979149269113961
0.979165548600930
0.979162398606548
0.979132660674929
0.979074671156780
0.978992605253374
0.978896345766803
0.978800184725055
0.978719667762054
0.978667083642696
0.978647447550310
0.978656858643945
0.978683883940417
0.978713212727137
0.978729916522980
0.978722706238432
0.978685635586618
0.978618775647469
0.978528477091951
0.978427025599469
0.978330742099789
0.978255980289147
0.978214085374652
0.978207597088819
0.978229468877570
0.978265507650340
0.978298801706232
0.978314170677986
0.978301127732447
0.978255210268752
0.978178486817991
0.978079756106182
0.977973885506989
0.977879127209058
0.977812192406853
0.977782834095022
0.977790545764572
0.977824857853755
0.977868899568255
0.977904496746176
0.977916615761991
0.977895901816078
0.977839647661593
0.977752205039729
0.977645113806781
0.977535965857842
0.977444733157698
0.977387900081740
0.977372906217010
0.977395648256239
0.977442049138791
0.977492757732816
0.977528753054635
0.977535564136995
0.977505287469778
0.977437250745974
0.977338408252590
0.977223350932495
0.977112476313891
0.977027122161428
0.976982821947716
0.976983928535305
0.977022240115637
0.977080004129385
0.977135707929714
0.977169963515615
0.977169278575913
0.977127507801624
0.977046312234053
0.976935613292886
0.976813370641052
0.976702772172904
0.976625994016417
0.976596757920510
0.976615531062676
0.976669592285261
0.976737585205252
0.976796276736292
0.976826435521444
0.976815949029821
0.976760727738498
0.976665100931498
0.976542377101312
0.976414189423043
0.976306360709776
0.976241178192256
0.976229567567200
0.976267319648472
0.976336888239744
0.976413544849400
0.976472890588587
0.976496394581285
0.976473697041130
0.976403062256544
0.976291880977011
0.976157329815328
0.976024975320177
0.975922926855527
0.975872637690830
0.975881154086759
0.975938847331833
0.976023193055780
0.976106498376457
0.976163848959691
0.976177950466783
0.976140533491776
0.976052533600580
0.975924879868128
0.975779159258238
0.975645036017531
0.975552307099719
0.975520422451740
0.975551403149543
0.975629550726141
0.975727399895755
0.975814884200997
0.975867291345640
0.975869062002601
0.975814320517411
0.975707039195978
0.975562276057708
0.975406616110824
0.975273819551936
0.975194466014145
0.975184620452258
0.975240117562409
0.975338681649281
0.975448172746534
0.975536919384840
0.975581155113741
0.975567490945144
0.975492725606921
0.975364321245240
0.975202199084089
0.975038539164446
0.974910937832827
0.974849498592832
0.974865340371225
0.974946989419063
0.975065283993870
0.975183939631609
0.975270603571884
0.975303175774220
0.975270789589243
0.975173202158381
0.975021958884137
0.974842746096152
0.974673878999417
0.974556161158422
0.974517582141937
0.974562627193099
0.974671494434726
0.974808089885682
0.974932802765009
0.975013634228898
0.975030792898826
0.974976194646616
0.974852886743119
0.974677298414650
0.974481961787145
0.974311698569148
0.974209400733293
0.974198933878781
0.974276403978172
0.974412833088583
0.974565481222636
0.974692525675282
0.974763399890928
0.974761129929325
0.974680591681454
0.974528566854529
0.974327456312737
0.974117878649530
0.973951201298465
0.973870684669042
0.973893736457153
0.974006360406060
0.974169807071079
0.974335384189937
0.974460443967441
0.974516882686592
0.974490870868183
0.974380368336307
0.974196544396518
0.973969238702651
0.973748485248665
0.973591683462665
0.973540063705583
0.973602006411519
0.973751794913801
0.973940665000153
0.974104839837500
0.974187429757716
0.974266999515192
0.974419932007139
0.974704741432368
0.975147853301763
0.975735133559174
0.976414782091051
0.977113853723875
0.977761102501578
0.978302909662538
0.978707185152052
0.978963968124721
0.979089884852059
0.979129324508615
0.979144904607442
0.979201418127500
0.979350365338963
0.979618440690039
0.980001956015959
0.980469464899939
0.980972394284356
0.981458083714604
0.981878000444588
0.982191946459808
0.982376934127652
0.982439571695607
0.982417984668271
0.982369337503681
0.982352588953207
0.982424586584373
0.982625326933145
0.982851441484650
0.982993779806477
0.982958234852017
0.982690760974739
0.982196339366714
0.981540440564237
0.980828791651397
0.980173942059104
0.979664853888843
0.979350707623745
0.979238516779618
0.979297867034479
0.979467964165843
0.979666927883947
0.979805720580136
0.979807358265680
0.979627458863729
0.979268363427705
0.978779516515559
0.978242396972219
0.977746153941705
0.977364406867785
0.977140792819385
0.977084153400619
0.977170117491563
0.977346398867387
0.977541723728698
0.977679457193206
0.977695210525888
0.977554210583834
0.977261958456363
0.976863032975662
0.976427740766127
0.976031981772931
0.975738235806659
0.975583194969591
0.975572907423872
0.975683521013605
0.975866089197713
0.976055494182073
0.976183841326205
0.976196757454982
0.976068232323973
0.975808449995137
0.975460962580187
0.975089918089217
0.974762363743569
0.974532045428409
0.974428869196826
0.974454647275195
0.974583868692544
0.974768620912119
0.974947782236599
0.975060295740055
0.975060334615558
0.974929951635168
0.974684433415319
0.974367898397920
0.974040646402456
0.973763083636968
0.973581616510695
0.973519692236392
0.973574356812315
0.973717449607700
0.973900973669182
0.974066724090119
0.974159496333556
0.974141187512326
0.974001418488525
0.973760621798306
0.973464150870610
0.973169573742307
0.972931816418189
0.972790747515517
0.972763614593034
0.972842489553550
0.972996103054847
0.973175861134992
0.973326000273422
0.973396723654803
0.973357225022803
0.973204350061794
0.972963554596679
0.972681630548249
0.972413903544327
0.972210398781275
0.972104882262926
0.972108565275681
0.972208472028334
0.972370048559346
0.972543951390732
0.972676761252043
0.972723985416386
0.972661931630453
0.972494415923635
0.972251693827332
0.971981925177727
0.971738314396806
0.971566216344926
0.971493495274733
0.971525412865110
0.971643941792712
0.971811247145061
0.971977326207125
0.972091262879962
0.972113986444951
0.972028880320289
0.971846512533436
0.971601632114762
0.971343513652061
0.971123128708093
0.970981172753748
0.970939660061707
0.970997939558522
0.971132980387442
0.971303804218584
0.971460019402625
0.971553554990202
0.971551023497016
0.971442920692787
0.971246343939970
0.971000151217352
0.970754347334381
0.970557405388371
0.970445232671652
0.970433950819259
0.970517006934422
0.970666464664770
0.970838453128034
0.970982607721643
0.971054178868068
0.971025810807414
0.970895172374392
0.970685632536591
0.970439696398081
0.970207614852875
0.970034993610459
0.969952733261486
0.969970963952643
0.970077237344164
0.970238864877754
0.970409439877432
0.970539163386389
0.970587181763644
0.970532563880710
0.970380197804132
0.970159409250519
0.969915812611023
0.969699343869074
0.969552303459244
0.969500311081752
0.969547376556288
0.969675174467669
0.969846481310829
0.970012814043886
0.970125585445350
0.970148482213184
0.970067399798081
0.969894446836758
0.969664518198251
0.969425726694018
0.969227073654232
0.969107071393951
0.969085752637427
0.969160867329786
0.969308258917610
0.969486460022941
0.969645474688381
0.969738667181056
0.969734952642264
0.969627434415381
0.969435374244371
0.969198765480197
0.968967540344201
0.968789101658008
0.968697663838049
0.968707350824620
0.968809517791420
0.968974264893718
0.969156256588590
0.969304652823331
0.969375590399181
0.969343921056803
0.969210290028130
0.969000956722852
0.968760453391986
0.968539790913747
0.968384078384033
0.968322708539259
0.968363571019185
0.968491508493014
0.968671021791754
0.968853379361571
0.968987671610516
0.969033696802289
0.968972947547778
0.968813873510844
0.968589473502588
0.968348168305966
0.968141253025134
0.968010827342921
0.967980933933547
0.968052908084036
0.968204991640168
0.968396301134778
0.968575288738084
0.968691855750527
0.968710402961798
0.968619740000088
0.968436290064181
0.968199418609836
0.967960695084522
0.967770859395139
0.967668274720709
0.967671107634566
0.967773832053963
0.967948042460586
0.968147773308940
0.968319359487799
0.968414496504349
0.968403163291546
0.968282109900065
0.968075788475922
0.967829436537621
0.967596947218289
0.967427630251862
0.967355381321214
0.967391971910711
0.967524727790823
0.967718605281665
0.967922963609403
0.968082848763199
0.968152831031009
0.968109456617879
0.967957961161322
0.967730749673440
0.967478310684105
0.967255957659782
0.967110668988206
0.967071143247918
0.967142248169123
0.967303902834442
0.967514506503315
0.967719273298894
0.967862927085087
0.967904081011458
0.967826827229134
0.967645328159679
0.967399718221168
0.967144988797095
0.966936900959559
0.966819182836218
0.966814611377592
0.966920654877967
0.967109604956212
0.967333475889265
0.967534009912872
0.967656719670024
0.967665502554710
0.967552937602110
0.967342425066003
0.967081445389622
0.966828620244368
0.966639126421251
0.966552512935616
0.966584917271981
0.966725928177048
0.966940039303867
0.967173165475253
0.967364413568713
0.967461342604833
0.967434429398849
0.967285612440354
0.967047685447563
0.966774921740132
0.966528582456067
0.966362180645286
0.966310152923728
0.966381286206877
0.966556828867035
0.966793372656592
0.967031158192439
0.967207676583520
0.967273934704898
0.967208312419061
0.967022878629805
0.966759796279898
0.966479403283931
0.966244500828780
0.966105822288924
0.966091757815159
0.966203037976808
0.966412135038013
0.966667723080005
0.966904963296208
0.967060951594612
0.967091679378767
0.966984750477241
0.966762997631756
0.966477726582802
0.966194435016147
0.965976268429397
0.965870038879742
0.965897155901969
0.966049590899843
0.966290638860261
0.966561156018484
0.966792021663912
0.966921372691295
0.966911840337376
0.966761532803277
0.966504505259002
0.966200758528782
0.965919872766975
0.965724060658572
0.965655054440230
0.965726346293930
0.965920446723633
0.966191121408011
0.966471659124877
0.966689693045048
0.966786062038499
0.966731785633717
0.966536672530344
0.966246245864039
0.965928517699415
0.965655909621512
0.965488359153796
0.965461348858411
0.965579508956868
0.965815187772396
0.966112341079679
0.966397133765204
0.966595263048967
0.966652157031461
0.966549030220040
0.966308453831268
0.965987413890923
0.965661004595994
0.965403098858684
0.965269968089053
0.965289665757708
0.965456998663667
0.965733454847643
0.966053002605181
0.966335370534260
0.966505939267809
0.966516830875837
0.966361273594892
0.966075474347950
0.965727591310998
0.965398624201747
0.965162377811939
0.965070032701258
0.965141020434023
0.965359335153733
0.965674918446575
0.966011720235088
0.966284023403730
0.966418850509582
0.966377317993275
0.966166441264361
0.965836688570223
0.965466782945162
0.965142212087150
0.964935087524179
0.964890052229126
0.965016699185407
0.965287180767705
0.965639235680234
0.965986969594266
0.966240577939414
0.966331044603124
0.966230939475068
0.965962724740720
0.965591446766926
0.965205445851305
0.964893054985438
0.964722988463723
0.964731888461419
0.964918251202706
0.965241306942859
0.965625996325553
0.965977034827138
0.966202324938191
0.966239500181695
0.966075146829786
0.965748639870510
0.965339550866365
0.964944535259719
0.964652929727251
0.964528295744386
0.964597791912964
0.964847492398405
0.965222566902115
0.965634673913880
0.965979965742237
0.966166350259191
0.966141157542427
0.965907583013775
0.965523097435682
0.965081316940536
0.964685554649636
0.964424146449005
0.964353717924371
0.964490427111906
0.964806500852079
0.965231854276533
0.965664565385462
0.965993534084022
0.966129535260189
0.966032967466476
0.965726163050797
0.965285490589505
0.964817651992324
0.964430620688554
0.964209609469794
0.964202514615909
0.964412912377017
0.964797618048894
0.965270061518663
0.965714733186617
0.966015201216430
0.966088576536237
0.965911960514353
0.965529169986514
0.965035789639434
0.964550132460318
0.964182529662323
0.964012881484549
0.964078555355497
0.964368852703487
0.964823432556752
0.965338017140152
0.965783936362618
0.966042092518550
0.966040026462325
0.965775343885841
0.965315377638876
0.964774658540118
0.964281102073790
0.963944845909803
0.963838272682999
0.963986400263211
0.964362381922290
0.964886757502931
0.965436411229767
0.965870558488926
0.966070981035835
0.965980349335172
0.965620611631981
0.965084177414762
0.964503566592229
0.964013763748877
0.963721990694206
0.963690937112221
0.963931386847538
0.964398200652484
0.964990594324026
0.965565714287418
0.965972553176944
0.966098314339805
0.965906036933616
0.965445718735631
0.964835763932137
0.964269185352230
0.963601500889854
0.963674821603231
0.965119401461068
0.968263748761233
0.973065162349347
0.979094267660585
0.985616826954137
0.991781561278932
0.996857712262219
1.00042677826444
1.00245839205581
1.00326505089541
1.00338152408338
1.00342616438595
1.00397977057371
1.00548861905674
1.00818629775656
1.01203851266005
1.01673202602769
1.02173337478472
1.02642166313028
1.03026006696503
1.03294232612260
1.03445890298542
1.03506829477519
1.03520322101540
1.03535874966029
1.03599337399413
1.03744881649460
1.03984124023966
1.04339029171059
1.04706438438858
1.04982249854048
1.05081428728607
1.04958969976814
1.04623554898757
1.04136108318618
1.03591796020332
1.03092626463001
1.02721999223449
1.02529035813727
1.02523517010765
1.02678076035217
1.02934729755346
1.03215222861344
1.03435805438136
1.03525594915725
1.03444554256087
1.03194902091730
1.02820782552018
1.02395502774464
1.02001142794793
1.01708143290072
1.01560804692468
1.01570520585895
1.01715597657063
1.01946181421761
1.02193836204671
1.02385600051026
1.02460850842156
1.02386944644049
1.02168354380013
1.01845486332369
1.01483214137346
1.01153338436700
1.00917060679036
1.00812188863076
1.00846774415963
1.00998705629352
1.01220431349906
1.01448467775329
1.01617087859858
1.01674030728012
1.01594157948539
1.01386435205360
1.01091419109560
1.00769958300176
1.00487150391860
1.00296784705467
1.00230128240386
1.00290464105226
1.00453156142840
1.00670743119225
1.00882724877417
1.01029088104247
1.01065020509567
1.00972748411109
1.00766449442392
1.00488282234059
1.00196852873651
0.999521225065392
0.998013824061212
0.997694808423323
0.998544146019587
1.00028158937682
1.00242409757234
1.00438824975622
1.00562464439702
1.00575548552503
1.00467531286823
1.00258001996592
0.999912503764474
0.997243663822312
0.995128677321696
0.993979873181698
0.993982432905381
0.995061395046784
0.996899121106554
0.999000709217124
1.00080174183227
1.00180176813178
1.00169193917995
1.00043800429977
0.998289632688890
0.995711905070553
0.993262591437068
0.991454819453768
0.990641988041558
0.990946298199192
0.992237133796715
0.994158617069422
0.996203870897723
0.997828241999849
0.998581195037751
0.998223063420712
0.996789870656934
0.994583330783208
0.992089035801830
0.989850655635388
0.988338999523284
0.987848509425876
0.988438297799306
0.989922138616752
0.991906758469058
0.993875386406392
0.995306100147513
0.995800973899923
0.995190644402397
0.993580350503685
0.991321062690800
0.988915513997254
0.986890402065849
0.985672298249905
0.985495622876874
0.986356067628519
0.988012453603363
0.990036245548387
0.991904502762609
0.993122565193235
0.993348897381903
0.992485931236518
0.990706695825094
0.988407687965865
0.986104159491099
0.984301685577388
0.983379630469085
0.983510716834837
0.984626859151425
0.986433190795075
0.988469170783111
0.990210747469411
0.991196201226560
0.991144794949125
0.990032227491903
0.988097320672488
0.985777470548656
0.983594846111978
0.982028868433350
0.981408070145945
0.981841490341459
0.983197064035325
0.985128166595577
0.987146563903442
0.988733291046345
0.989466083465580
0.989129676132797
0.987774177263291
0.985701468806801
0.983384351469989
0.981345523106413
0.980032614409345
0.979719321570800
0.980448928548666
0.982025499191606
0.984053325779497
0.986021829965110
0.987424325167380
0.987885095378370
0.987258985191124
0.985671072795512
0.983482711001744
0.981195776818551
0.979326475921163
0.978284612776343
0.978284863568864
0.979302774396200
0.981079099234725
0.983172558147297
0.985056611926066
0.986244911580345
0.986415729649442
0.985498355431387
0.983692608942282
0.981414784049095
0.979188718702456
0.977516604303795
0.976764142163215
0.977082778976541
0.978378573920988
0.980330119988111
0.982455005648471
0.984218150145410
0.985162344894397
0.985027414937201
0.983820886367974
0.981816134406430
0.979478873634047
0.977347059808060
0.975900962858739
0.975455788671577
0.976095640750512
0.977655704546880
0.979754281005185
0.981873293089919
0.983477569093489
0.984148453996652
0.983694791675371
0.982205372366608
0.980024843399584
0.977661809582816
0.975659843967236
0.974469107386766
0.974347903503741
0.975309077006678
0.977116038046403
0.979329521119927
0.981402368266653
0.982808780089924
0.983178528823486
0.982396620030232
0.980635165948152
0.978306598556806
0.975954878669470
0.974120118290450
0.973213993349509
0.973431566225324
0.974710797114176
0.976743032480393
0.979035165757558
0.981018749021044
0.982187792243672
0.982230657606383
0.981115100711195
0.979097453787289
0.976653161841597
0.974353034256526
0.972724149311511
0.972131215170808
0.972699851168399
0.974289889377421
0.976521075779759
0.978851339364699
0.980700017945505
0.981592276081112
0.981285320555973
0.979835452224212
0.977582787973239
0.975059678723306
0.972854352370529
0.971470871828581
0.971218456273194
0.972147278668704
0.974036281185759
0.976434980612511
0.978758529481527
0.980424474071080
0.981001288460828
0.980325145300115
0.978545649481734
0.976084779120344
0.973524323864030
0.971459645064817
0.970361482321630
0.970475063909635
0.971769370856133
0.973940290882076
0.976469570818191
0.978737252285491
0.980170898475405
0.980395119703285
0.979334788375948
0.977236289080029
0.974599915418339
0.972048072301157
0.970172195526016
0.969399143591536
0.969901717486395
0.971562282839280
0.973992246442148
0.976609338597236
0.978767800220292
0.979918413365916
0.979755239592040
0.978300913561372
0.975900546818176
0.973127471949743
0.970634559807745
0.968997576944958
0.968588759722970
0.969500149713451
0.971522473178377
0.974182141884928
0.976838151077823
0.978830057332201
0.979646421993761
0.979064328557016
0.977212252918864
0.974534212857969
0.971669493312235
0.969290012543943
0.967943532420741
0.967936796457856
0.969272893146342
0.971646384712950
0.974499302794134
0.977138979928142
0.978903356840003
0.979334604361974
0.978306365788156
0.976059717272433
0.973135768401023
0.970230813472844
0.968023210914971
0.967019880772134
0.967451111710650
0.969223019020860
0.971930111205567
0.974932050414542
0.977493655788592
0.978966388522000
0.978962976829025
0.977466783000516
0.974836566780368
0.971706515757506
0.968819125626316
0.966845498819140
0.966238456236535
0.967140800067382
0.969353871340524
0.972369052756164
0.975467368198614
0.977882652895913
0.978997163913198
0.978512022582859
0.976532686515881
0.973538637531042
0.970250753865212
0.967445091550479
0.965770826233260
0.965613066008621
0.967016031068049
0.969668773688095
0.972957543595119
0.976090565662553
0.978284907910021
0.978973043848013
0.977962893706235
0.975493142348111
0.972164617970084
0.968775994908811
0.966122488017055
0.964815820559483
0.965159457286545
0.967087870599289
0.970170701355063
0.973688452568360
0.976784947893224
0.978677685667693
0.978870841548490
0.977297695903086
0.974339534092224
0.970716382106701
0.967293226396713
0.964868392403983
0.963999884339123
0.964895284141278
0.967368068539547
0.970861900582971
0.974552743902233
0.977531488799615
0.979036497015943
0.978667007201650
0.976499856324324
0.973065986561826
0.969199369202860
0.965817210492574
0.963703399860754
0.963345310101006
0.964840060729811
0.967868798370676
0.971743448094837
0.975539007140733
0.978308529452349
0.979335094518735
0.978337915934884
0.975554590182486
0.971669866930156
0.967623023562125
0.964366837255311
0.962651889811130
0.962877422546355
0.965015099764037
0.968602340066981
0.972814745332951
0.976632962344325
0.979091520626971
0.979545569943650
0.977860281349969
0.974449482935660
0.970152375875247
0.966001304994981
0.962965541933069
0.961742347211367
0.962624746061426
0.965443427393864
0.969580699969003
0.974072957458672
0.977816971848930
0.979852853162099
0.979638598018457
0.977211729586777
0.973175210226096
0.968519243548235
0.964353286516803
0.961641808001842
0.961007759348401
0.962619206375917
0.966149665995566
0.970815149629594
0.975512385342568
0.979069562091557
0.980561789386833
0.979583837546632
0.976371535353991
0.971726387482940
0.966781519583155
0.962703832326591
0.960429748759942
0.960486071311057
0.962896332717919
0.967159841159661
0.972315651324957
0.977123769807235
0.980364985156534
0.981184537472797
0.979350525759632
0.975321542687104
0.970102560354853
0.964956466615130
0.961084371589888
0.959369788261302
0.960220714392248
0.963495457589495
0.968501094785299
0.974090156867764
0.978893538873400
0.981672854117805
0.981684512879816
0.978908308731735
0.974047301176832
0.968309358725898
0.963068586771444
0.959533812520580
0.958509492140336
0.960261245465599
0.964459927700018
0.970201308225491
0.976143808628116
0.980803072055411
0.982957957671809
0.982022894236597
0.978228394323718
0.972539479457408
0.966359862823980
0.961150833160779
0.958099655663914
0.957904598753192
0.960664119306972
0.965837311722168
0.972288605049185
0.978478035724549
0.982828013793852
0.984180305169019
0.982159520986089
0.977285056817100
0.970795563348237
0.964728139385878
0.959878136087469
0.957365985798804
0.957874647392343
0.961707579188990
0.968721652447097
0.978045015171230
0.987829688962566
0.995692111643965
0.999877566287120
1.00004783227042
0.997120399931273
0.992656155309141
0.988282754439447
0.985315262025213
0.984596464323526
0.986500766699950
0.990987629091281
0.997591867067007
1.00532843084880
1.01268447795917
1.01798935213566
1.02011885749457
1.01900147286360
1.01556248135438
1.01126438926596
1.00757665679600
1.00560455982778
1.00594909226492
1.00873354037446
1.01322158115207
1.01946605519721
1.02640441631233
1.03252503479586
1.03608997028230
1.03573401104394
1.03117729651908
1.02362142647667
1.01529680306397
1.00828240986935
1.00371861861550
1.00190171321947
1.00268105727584
1.00567864718523
1.01028009320137
1.01553073175035
1.02013448538055
1.02271602836863
1.02230123247068
1.01876967314363
1.01300412970197
1.00654929435575
1.00092820719456
0.997136286878369
0.995585140741115
0.996275798380091
0.998923217019429
1.00295454866845
1.00746355871464
1.01127709993718
1.01323538794286
1.01260262502516
1.00939072422794
1.00440325176790
0.998922160148746
0.994196378628141
0.991075620977439
0.989947187378631
0.990832490905116
0.993458035773273
0.997248141238741
1.00131403944109
1.00456725131579
1.00601061360885
1.00509655937177
1.00196156081829
0.997399183659745
0.992553889802255
0.988500784676135
0.985967403948980
0.985285208052339
0.986451781322466
0.989170203630914
0.992839535825197
0.996573565183847
0.999352501113722
1.00031929810218
0.999091806729573
0.995924672108932
0.991626233511616
0.987253544577321
0.983753583154918
0.981748930089165
0.981506405610219
0.982980336361878
0.985832020755931
0.989423211926999
0.992864561308424
0.995200535629279
0.995705340835746
0.994150255372675
0.990901477232496
0.986789691907627
0.982806261940800
0.979793262834795
0.978279642412987
0.978464897116432
0.980249632126433
0.983242385304518
0.986761583421911
0.989915236480156
0.991814596184117
0.991863302813368
0.989978917399900
0.986631744983247
0.982673935592547
0.979039694647161
0.976478518862873
0.975433049581545
0.976034377864067
0.978122582718480
0.981246384546543
0.984679113669825
0.987531300860254
0.988988019359303
0.988584236203594
0.986378580146775
0.982936760034394
0.979126649583387
0.975827022117058
0.973701397117534
0.973110827537511
0.974117059142075
0.976494433206883
0.979727339937756
0.983045751444756
0.985571653299107
0.986573907092689
0.985722391912198
0.983211832992749
0.979693096182169
0.976041013926516
0.973077055290527
0.971382287320587
0.971239140605673
0.972638680341437
0.975285049457382
0.978595854788670
0.981762678102546
0.983931020446586
0.984465254768420
0.983174081882372
0.980382526673134
0.976814696975577
0.973341750787887
0.970724220841726
0.969462609103772
0.969762411807112
0.971542062701696
0.974431505471194
0.977781127673816
0.980752234094241
0.982528462651562
0.982582215979156
0.980864252036426
0.977822572034845
0.974240980117551
0.970975321307810
0.968720933691129
0.967898781398216
0.968638056140911
0.970781905444392
0.973882537889312
0.977224900650219
0.979951250916836
0.981299979758646
0.980864001056412
0.978737925956556
0.975483435013355
0.971929039644991
0.968903340352130
0.967032307117550
0.966657907406158
0.967832657250551
0.970321051939869
0.973594702634264
0.976877436216581
0.979306747446657
0.980193789176907
0.979263690005586
0.976754669466551
0.973330568467793
0.969848494603866
0.967098186860682
0.965632575079377
0.965714797560598
0.967319284769032
0.970127875257500
0.973529760737793
0.976694892150544
0.978773191740775
0.979167328005380
0.977744902766148
0.974884979763389
0.971339744125221
0.967978099484606
0.965540128233098
0.964502741168651
0.965049977715354
0.967075653894503
0.970174478286719
0.973652941422964
0.976637664176976
0.978310814042271
0.978185390088074
0.976279673747001
0.973107916216099
0.969494624073048
0.966303524179786
0.964215464403238
0.963629058766350
0.964648358463486
0.967082836749364
0.970435419819771
0.973931771703637
0.976669343047939
0.977884570215619
0.977218952832594
0.974847050781691
0.971409482002405
0.967785098823311
0.964815868957705
0.963115312051325
0.963002022467870
0.964498295953284
0.967324295436399
0.970886768141936
0.974335284591650
0.976756087273146
0.977463542177828
0.976244463456703
0.973432170002067
0.969781502255113
0.966206144573303
0.963510683267599
0.962234824003928
0.962615697620149
0.964590898119484
0.967785110739737
0.971505368425145
0.974833485549173
0.976866271937290
0.977020621076911
0.975243416534709
0.972025625855224
0.968220821527039
0.964757033181650
0.962387332709720
0.961572702996282
0.962467262354682
0.964919465816780
0.968451318938004
0.972268258807639
0.975397016745383
0.976970348306197
0.976532402761990
0.974202139068429
0.970623044538297
0.966728729926814
0.963440803958449
0.961448622150518
0.961130923746028
0.962556686542247
0.965479007923972
0.969309318112146
0.973152214374154
0.975996992146552
0.977040874778141
0.975979249512910
0.973111728021983
0.969224803472197
0.965310570342461
0.962263955973975
0.960700637012082
0.960914629270563
0.962886514693786
0.966265803654702
0.970345338329631
0.974133427699668
0.976605004373346
0.977052713848487
0.975345503826040
0.971968107022512
0.967835856374497
0.963975486625240
0.961236309987878
0.960152738706918
0.960932123621460
0.963461665229156
0.967276932002374
0.971544922182180
0.975187282030649
0.977193249528727
0.976983338612291
0.974619793228803
0.970772139321945
0.966465619476964
0.962736287159798
0.960371024694137
0.959817705308186
0.961194958046160
0.964289247187810
0.968509790074230
0.972892472695231
0.976288283560897
0.977734825667581
0.976813301906387
0.973795466495454
0.969529821401693
0.965127944374998
0.961609448498649
0.959684777028497
0.959712009676772
0.961718079551032
0.965378343613158
0.969961563571590
0.974370858564006
0.977410133566394
0.978204171739622
0.976526830818270
0.972871107314467
0.968252503685396
0.963841152464539
0.960615251936456
0.959198105344984
0.959856232432647
0.962520027152217
0.966739748910215
0.971628677353315
0.975961143131820
0.978525997786496
0.978577698056748
0.976112594351053
0.971851152958558
0.966957167715054
0.962628175118980
0.959778093540600
0.958935942314726
0.960275618279611
0.963623158402629
0.968385634633658
0.973506243059899
0.977642474851076
0.979608985015575
0.978834614206929
0.975564639035512
0.970746588660048
0.965666745277400
0.961516816012747
0.959126995424853
0.958928365225018
0.961000785944325
0.965053881922682
0.970329127845247
0.975587553125397
0.979392201438076
0.980632872911882
0.978957994478915
0.974883510080251
0.969575712549698
0.964410501857882
0.960540181478480
0.958696361187645
0.959211594892257
0.962068591902167
0.966842859820294
0.972583798512586
0.977863694047219
0.981186270984797
0.981573120025292
0.978936127247397
0.974077576435422
0.968364980346387
0.963224540146336
0.959737364247745
0.958527068768461
0.959829332266852
0.963523197809531
0.969025186137993
0.975163118261092
0.980323416364204
0.983000017741909
0.982408243484715
0.978764224606679
0.973164577148676
0.967149939944787
0.962152479803689
0.959154452246828
0.958667971477470
0.960834482318482
0.965417321983117
0.971640478565645
0.978079932841461
0.982953366278197
0.984809377588914
0.983121615274661
0.978446536808820
0.972173377060333
0.965976282632724
0.961246411281957
0.958845987302868
0.959177942555682
0.962291377951094
0.967813697932557
0.974732888980839
0.981346109942623
0.985738859512568
0.986592639635890
0.983703809217008
0.977998964667011
0.971145959189624
0.964901100163834
0.960568274983912
0.958877043878336
0.960128651227795
0.964278651916687
0.970786763546357
0.978351084650270
0.984972612174903
0.988665394916431
0.988332869475197
0.984155682147288
0.977452269900063
0.970139702361457
0.963994496617928
0.960191880431463
0.959326176238763
0.961608344023999
0.966892947077750
0.974424600508939
0.982548338054823
0.988970348763290
0.991721123747590
0.990021206560365
0.984492438513888
0.976855993012959
0.969230051089985
0.963341800862528
0.960205868333534
0.960289583630220
0.963727014353733
0.970253710542590
0.978831169397403
0.987383034361971
0.993352259311263
0.994900497690332
0.991661311613412
0.984748964040554
0.976283173205902
0.968513744722817
0.963046696189413
0.960717993413244
0.961886966720706
0.966623487398639
0.974509362541398
0.984128938465669
0.992920154121721
0.998137174994950
0.998209403860319
0.993275443980545
0.984986833011963
0.975836064101708
0.968112980463752
0.963235801100257
0.961861350178138
0.964269862190236
0.970475261736776
0.979845273955729
0.990462251071217
0.999234719998289
1.00335613774990
1.00167228710457
0.994912923347117
0.985303508100136
0.975653201172998
0.968181157551500
0.964065495820691
0.963803479978644
0.967633684307125
0.975512376925111
0.986494181850703
0.998002277613716
1.00641874367626
1.00906205494895
1.00534217560396
0.996662183836853
0.985844482172379
