Zlong_Im
1.04967157929989
1.05179548204424
1.05401739926412
1.05634259904796
1.05877312386678
1.06130560653420
1.06393006434486
1.06663028537544
1.06938609578666
1.07217707247064
1.07498671974597
1.07780581650837
1.08063391587512
1.08347852355692
1.08635226132401
1.08926878614804
1.09223851022699
1.09526504485316
1.09834314930692
1.10145880327584
1.10459165144777
1.10771946172918
1.11082345453399
1.11389296558300
1.11692800153147
1.11993888053004
1.12294314052105
1.12596064106071
1.12900819688124
1.13209500909556
1.13521981014750
1.13837037350923
1.14152568004279
1.14466052895782
1.14775163265401
1.15078359775988
1.15375300054833
1.15666927325684
1.15955212388141
1.16242632142755
1.16531535675704
1.16823562899569
1.17119237603655
1.17417814122771
1.17717409179850
1.18015414000010
1.18309112277822
1.18596364822808
1.18876175246493
1.19148964761615
1.19416471257333
1.19681299783792
1.19946264712095
1.20213704000938
1.20484929208427
1.20759920275754
1.21037319381358
1.21314727129296
1.21589258950569
1.21858249083878
1.22119931968001
1.22373913124236
1.22621285738800
1.22864356249579
1.23106061275323
1.23349245116864
1.23595986669955
1.23847125099764
1.24102073025118
1.24358948755707
1.24615006544682
1.24867286811685
1.25113347537037
1.25351890129003
1.25583104810407
1.25808632281534
1.26031148545814
1.26253698672268
1.26478960558185
1.26708623307446
1.26943006885933
1.27180996538713
1.27420299106841
1.27657974809395
1.27891142943110
1.28117697177689
1.28336844026146
1.28549314272547
1.28757181812168
1.28963341062962
1.29170794558673
1.29381937739361
1.29598007730262
1.29818808674696
1.30042761096112
1.30267267742105
1.30489321486866
1.30706233913587
1.30916304501944
1.31119254144738
1.31316301108511
1.31509853948624
1.31702910026563
1.31898325236686
1.32098141747823
1.32303119364430
1.32512570248460
1.32724518528879
1.32936159899508
1.33144524568229
1.33347201181222
1.33542938307572
1.33731962038065
1.33915921927353
1.34097475220355
1.34279628793755
1.34465015305250
1.34655276706534
1.34850690310031
1.35050110021586
1.35251232777664
1.35451135883047
1.35646974792137
1.35836679301365
1.36019471561928
1.36196062615507
1.36368473871215
1.36539531732273
1.36712173275454
1.36888746227353
1.37070461486042
1.37257119392401
1.37447157498081
1.37638014741287
1.37826732046186
1.38010665689161
1.38188136778263
1.38358851009136
1.38523973907897
1.38685837186975
1.38847360396416
1.39011340586839
1.39179789875978
1.39353468951611
1.39531715104664
1.39712597828940
1.39893367398849
1.40071106700469
1.40243438375571
1.40409111348200
1.40568313999841
1.40722626689211
1.40874626653621
1.41027253476223
1.41183099997356
1.41343800996246
1.41509657001284
1.41679566476127
1.41851282512309
1.42021938430616
1.42188732808028
1.42349611185440
1.42503775943929
1.42651885154394
1.42795888376753
1.42938541309349
1.43082732459243
1.43230792382486
1.43383945940470
1.43542032272958
1.43703542379391
1.43865970646735
1.44026405229014
1.44182228531764
1.44331757687863
1.44474662567681
1.44612048702019
1.44746181723811
1.44879926457886
1.45016053590040
1.45156579183296
1.45302294825311
1.45452586167078
1.45605575833925
1.45758561549803
1.45908658179716
1.46053494941616
1.46191798767599
1.46323711481028
1.46450753988773
1.46575449386495
1.46700702601178
1.46829101332286
1.46962303722810
1.47100652230366
1.47243096279113
1.47387435877001
1.47530838097716
1.47670514816900
1.47804399391601
1.47931657402571
1.48052895873642
1.48170011501565
1.48285721599610
1.48402902208585
1.48523898625530
1.48649974214925
1.48781016199547
1.48915563008454
1.49051144436932
1.49184865495179
1.49314101832468
1.49437140974827
1.49553607072456
1.49664555509554
1.49772210911574
1.49879419608127
1.49988960159191
1.50102881938791
1.50222024741627
1.50345822649344
1.50472437501262
1.50599186966991
1.50723182902762
1.50842029188552
1.50954409733606
1.51060415838278
1.51161525785619
1.51260237228627
1.51359458045539
1.51461804887731
1.51568983097648
1.51681388060444
1.51798013291544
1.51916684402967
1.52034569925719
1.52148857676063
1.52257438188710
1.52359425606684
1.52455378154456
1.52547161124170
1.52637487699769
1.52729257927298
1.52824864775110
1.52925628661334
1.53031489287759
1.53141019369359
1.53251757336937
1.53360787875119
1.53465442956739
1.53563953953590
1.53655888713071
1.53742261917425
1.53825283839742
1.53907818622061
1.53992690771567
1.54082012688512
1.54176686125480
1.54276193137332
1.54378713909214
1.54481553848737
1.54581781879665
1.54676940110671
1.54765646367067
1.54847938048458
1.54925265559647
1.55000134253343
1.55075493660065
1.55154026342159
1.55237511615981
1.55326407926379
1.55419744041211
1.55515345660870
1.55610343954898
1.55701862017279
1.55787713962937
1.55866943271160
1.55940062228094
1.56008927686533
1.56076284340315
1.56145098581935
1.56217846750590
1.56295929615840
1.56379343948998
1.56466681452680
1.56555455761456
1.56642689101202
1.56725628335441
1.56802416256770
1.56872552373496
1.56937019758762
1.56998044470588
1.57058549752669
1.57121449536332
1.57188953135307
1.57262043784587
1.57340248211213
1.57421743343617
1.57503782145506
1.57583345628216
1.57657871949869
1.57725885343421
1.57787363129269
1.57843745163460
1.57897581211872
1.57951907339446
1.58009516682436
1.58072294738408
1.58140775197320
1.58214014169178
1.58289805246776
1.58365198792354
1.58437204195501
1.58503517068874
1.58563087959455
1.58616385421112
1.58665283162703
1.58712601108164
1.58761420667085
1.58814346383754
1.58872888009282
1.58937105568812
1.59005592268480
1.59075798707902
1.59144634560145
1.59209210093847
1.59267541000776
1.59319042469540
1.59364676909086
1.59406719388663
1.59448201681673
1.59492179365464
1.59541002431421
1.59595759798794
1.59656021042718
1.59719933385707
1.59784652107351
1.59847013802114
1.59904301631615
1.59954910709196
1.59998750242212
1.60037269850494
1.60073105590890
1.60109436707442
1.60149221048751
1.60194490917847
1.60245873828324
1.60302441391187
1.60361921269245
1.60421227406132
1.60477195875298
1.60527353746362
1.60570528990628
1.60607146932045
1.60639128094755
1.60669419123653
1.60701278305117
1.60737492452183
1.60779717952143
1.60828088447015
1.60881178148552
1.60936329186049
1.60990276377492
1.61039930461479
1.61083132385016
1.61119190817056
1.61149057710651
1.61175098889759
1.61200515403585
1.61228570167069
1.61261808409394
1.61301455095635
1.61347124416071
1.61396902970700
1.61447791019739
1.61496413398922
1.61539832261084
1.61576270637837
1.61605556598135
1.61629172065549
1.61649891659620
1.61671106480878
1.61696008023901
1.61726828274329
1.61764312102376
1.61807537558271
1.61854121819079
1.61900776827816
1.61944090582449
1.61981356158211
1.62011241731121
1.62034127277991
1.62052016165181
1.62068046033176
1.62085727832864
1.62108102334628
1.62137020508922
1.62172703976039
1.62213685035959
1.62257141601050
1.62299557316975
1.62337563569464
1.62368763536687
1.62392329671355
1.62409216026312
1.62421928126249
1.62433912515327
1.62448721722123
1.62469166833172
1.62496651864158
1.62530838602343
1.62569715549224
1.62610059425395
1.62648195368705
1.62680883012653
1.62706113962564
1.62723616907819
1.62734933324717
1.62743040951248
1.62751629836744
1.62764213397919
1.62783292054560
1.62809761481958
1.62842695010019
1.62879547367272
1.62916744852034
1.62950531342748
1.62977882451493
1.62997255327102
1.63008980267554
1.63015186678159
1.63019283750904
1.63025132677902
1.63036119995827
1.63054355248185
1.63080169703006
1.63112028037236
1.63146874105213
1.63180842173713
1.63210181806102
1.63232175982467
1.63245819986377
1.63252082013076
1.63253669902876
1.63254371052628
1.63258135813161
1.63268134291084
1.63286005631475
1.63311466477805
1.63342362874477
1.63375160147722
1.63405772234363
1.63430547443862
1.63447168629272
1.63455238391044
1.63456387901062
1.63453881129859
1.63451819346303
1.63454152645901
1.63463740654598
1.63481676403363
1.63507018606182
1.63536994851543
1.63567637474792
1.63594722989290
1.63614798098221
1.63626039068023
1.63628717313842
1.63625142271288
1.63619097780436
1.63614922463900
1.63616469697751
1.63626193401803
1.63644566877876
1.63669955954913
1.63698982320293
1.63727304382282
1.63750653769951
1.63765882264347
1.63771751924229
1.63769256529966
1.63761385205394
1.63752391784121
1.63746765120736
1.63748157732093
1.63758521797860
1.63777642819531
1.63803168889823
1.63831140972471
1.63856915971579
1.63876285605417
1.63886518022459
1.63887049886473
1.63879641434239
1.63867948461929
1.63856630332356
1.63850227182433
1.63852080770794
1.63863545590888
1.63883656724745
1.63909331530482
1.63936069594441
1.63959013935623
1.63974132010152
1.63979223355680
1.63974484033706
1.63962471789264
1.63947480550674
1.63934495904900
1.63927999086084
1.63930906636421
1.63943880139137
1.63965150742264
1.63990903671142
1.64016153248179
1.64035931378057
1.64046506919439
1.64046328246854
1.64036427513918
1.64020177347972
1.64002464480083
1.63988601600400
1.63981623836771
1.63983252007383
1.63994081021948
1.64013354115398
1.64039067745941
1.64068378511722
1.64098223861689
1.64126022321811
1.64150273828003
1.64170887852211
1.64189127505685
1.64207181492575
1.64227494875795
1.64252058939489
1.64281852531284
1.64316559943611
1.64354611732280
1.64393523415210
1.64430456227415
1.64462881458510
1.64489194306547
1.64509113985515
1.64523744892380
1.64535260638721
1.64546299356294
1.64559240654021
1.64575572425811
1.64595502342490
1.64617893706161
1.64640424723619
1.64661557139453
1.64679214125637
1.64690686398870
1.64693366586631
1.64685432789353
1.64666325406917
1.64636907282275
1.64599269415774
1.64556240941222
1.64510740755527
1.64465143410564
1.64420812353028
1.64377895770460
1.64335408424659
1.64291560689245
1.64244249726847
1.64191600223109
1.64132433840445
1.64066559692253
1.63994818698843
1.63918875777889
1.63840820443849
1.63762682062552
1.63685985545971
1.63611448692905
1.63538881993447
1.63467299215855
1.63395202525710
1.63320971259416
1.63243264705159
1.63161347046821
1.63075259551765
1.62985800293065
1.62894322842947
1.62802408961301
1.62711500045410
1.62622579524515
1.62535977283571
1.62451334443364
1.62367726820580
1.62283911722387
1.62198640565396
1.62110960716401
1.62020442170565
1.61927271029979
1.61832193696222
1.61736328544442
1.61640894819186
1.61546928394178
1.61455053758816
1.61365359802297
1.61277406660857
1.61190353084217
1.61103171094959
1.61014898308388
1.60924867210737
1.60832860677896
1.60739153809807
1.60644436955974
1.60549644014901
1.60455725006465
1.60363426837464
1.60273126908036
1.60184762242003
1.60097860604854
1.60011666514564
1.59925330411962
1.59838113483333
1.59749560795592
1.59659604740058
1.59568572674068
1.59477098331736
1.59385966117906
1.59295920551358
1.59207494756950
1.59120892572482
1.59035952676397
1.58952197392356
1.58868956584066
1.58785529272023
1.58701353021856
1.58616133904727
1.58529909694838
1.58443035427489
1.58356089048465
1.58269730983138
1.58184544327897
1.58100900051999
1.58018877642512
1.57938252633979
1.57858559688207
1.57779206663824
1.57699618882445
1.57619374581447
1.57538302229456
1.57456515768220
1.57374380662043
1.57292421393802
1.57211192832611
1.57131147845363
1.57052533234040
1.56975336404363
1.56899295137347
1.56823964544421
1.56748825917787
1.56673411590616
1.56597414194806
1.56520757213308
1.56443607014351
1.56366328889709
1.56289395059435
1.56213269510091
1.56138298863746
1.56064631734186
1.55992189197891
1.55920686600198
1.55849705488086
1.55778795653475
1.55707580419188
1.55635846697850
1.55563590998966
1.55491016295415
1.55418479577789
1.55346403142129
1.55275171912494
1.55205043534419
1.55136089267440
1.55068180131474
1.55001022417764
1.54934227875350
1.54867407146551
1.54800264597136
1.54732664362088
1.54664659509585
1.54596477167667
1.54528460215128
1.54460982438989
1.54394359608646
1.54328774570305
1.54264236519484
1.54200581300428
1.54137512592926
1.54074675269260
1.54011737835677
1.53948472653733
1.53884808349687
1.53820843107774
1.53756817174286
1.53693056074115
1.53629887780354
1.53567565639356
1.53506209309237
1.53445778278099
1.53386082839117
1.53326831644656
1.53267701955801
1.53208416924228
1.53148809457769
1.53088860501444
1.53028702358640
1.52968583776316
1.52908807007851
1.52849656364122
1.52791330746985
1.52733895704164
1.52677270042995
1.52621247597254
1.52565546841071
1.52509878493702
1.52454014789552
1.52397841983067
1.52341386327142
1.52284804212420
1.52228345856005
1.52172290681346
1.52116880818558
1.52062264426666
1.52008461877540
1.51955359639248
1.51902741384362
1.51850338992639
1.51797897175478
1.51745233647847
1.51692281698464
1.51639104401609
1.51585877999189
1.51532846731677
1.51480265930624
1.51428338295139
1.51377166298107
1.51326730165776
1.51276892284597
1.51227431375568
1.51178095711429
1.51128663114069
1.51078993899357
1.51029063037547
1.50978963897795
1.50928885343964
1.50879064357655
1.50829729303001
1.50781045117321
1.50733074103815
1.50685761615073
1.50638951266704
1.50592421894958
1.50545940128197
1.50499317171678
1.50452452559092
1.50405357579905
1.50358150791261
1.50311028693985
1.50264217267828
1.50217917500638
1.50172258218448
1.50127264602759
1.50082854147429
1.50038855449652
1.49995051019583
1.49951228944679
1.49907232533059
1.49862998527315
1.49818569206465
1.49774083386501
1.49729741106744
1.49685754356567
1.49642296746394
1.49599462273187
1.49557243102420
1.49515531728031
1.49474148092501
1.49432881163930
1.49391541414617
1.49350004573150
1.49308240308442
1.49266319717643
1.49224397184228
1.49182671425936
1.49141338659631
1.49100544379895
1.49060350106951
1.49020717792409
1.48981520176712
1.48942571068465
1.48903669966432
1.48864650926656
1.48825419898616
1.48785978602214
1.48746422390488
1.48706916682247
1.48667656510312
1.48628819506751
1.48590523702214
1.48552799278033
1.48515581273879
1.48478726233315
1.48442045836675
1.48405352691030
1.48368504796487
1.48331438915445
1.48294185450213
1.48256860176996
1.48219636187306
1.48182701317924
1.48146214046195
1.48110264172441
1.48074851844775
1.48039888862345
1.48005219049691
1.47970655491932
1.47936025995626
1.47901213236834
1.47866183384043
1.47830993240347
1.47795776254574
1.47760709310050
1.47725971120330
1.47691697936837
1.47657951904653
1.47624705781976
1.47591850579476
1.47559219974278
1.47526632544431
1.47493932465706
1.47461028783083
1.47427915932545
1.47394674847790
1.47361452740202
1.47328427632216
1.47295765371892
1.47263579389133
1.47231904974751
1.47200688857482
1.47169803753555
1.47139077715341
1.47108335754497
1.47077442454833
1.47046332569767
1.47015027213066
1.46983629331179
1.46952296371415
1.46921204754566
1.46890505615432
1.46860288633399
1.46830561669883
1.46801247550949
1.46772203528571
1.46743255220335
1.46714238282717
1.46685037198389
1.46655613102809
1.46626014059340
1.46596361366185
1.46566820707345
1.46537562751168
1.46508721186796
1.46480361801250
1.46452465467076
1.46424933078128
1.46397610194813
1.46370322141509
1.46342917418817
1.46315303105707
1.46287467036567
1.46259481044604
1.46231483417017
1.46203644234472
1.46176125873240
1.46149043756291
1.46122437387362
1.46096262232077
1.46070399652226
1.46044684864322
1.46018947337386
1.45993050408059
1.45966925035431
1.45940585838324
1.45914127271110
1.45887700819260
1.45861479293206
1.45835613990126
1.45810198507021
1.45785246386427
1.45760688667877
1.45736388936384
1.45712176390593
1.45687886009777
1.45663399763541
1.45638673037426
1.45613746742481
1.45588736557165
1.45563804965528
1.45539122954589
1.45514827822123
1.45490990641046
1.45467599173358
1.45444560617857
1.45421722903504
1.45398911602011
1.45375971796587
1.45352805238686
1.45329393396152
1.45305802420145
1.45282167483567
1.45258659604407
1.45235444413050
1.45212642967694
1.45190302118358
1.45168382790115
1.45146769678764
1.45125298074337
1.45103793718480
1.45082114443341
1.45060183819217
1.45038009875221
1.45015683887524
1.44993357967580
1.44971207999959
1.44949392243432
1.44928011958463
1.44907088404195
1.44886556397763
1.44866279619576
1.44846083831696
1.44825797666527
1.44805293971037
1.44784520750504
1.44763513975765
1.44742388582101
1.44721310918801
1.44700458950386
1.44679979473320
1.44659952217734
1.44640371251672
1.44621145310875
1.44602119910119
1.44583112967975
1.44563959880159
1.44544552379889
1.44524864652574
1.44504960201491
1.44484976152075
1.44465090961442
1.44445481007623
1.44426278634657
1.44407539610679
1.44389229502846
1.44371231794086
1.44353375252724
1.44335474377263
1.44317374595186
1.44298988832496
1.44280319676564
1.44261457980313
1.44242562048521
1.44223818959146
1.44205400075779
1.44187419610902
1.44169906731298
1.44152798374804
1.44135953636113
1.44119186811453
1.44102312841971
1.44085190644729
1.44067757563363
1.44050045647148
1.44032173347969
1.44014317394881
1.43996670717699
1.43979395423655
1.43962584761708
1.43946239103524
1.43930265684220
1.43914500797445
1.43898747777323
1.43882824833911
1.43866608628046
1.43850064014245
1.43833253385281
1.43816322054791
1.43799462951161
1.43782871088776
1.43766696018230
1.43751005535871
1.43735769546564
1.43720865864593
1.43706109228777
1.43691295675107
1.43676250876742
1.43660872738873
1.43645156547285
1.43629196460064
1.43613163181496
1.43597263123722
1.43581688987269
1.43566573011546
1.43551955413249
1.43537773318806
1.43523875301631
1.43510057382829
1.43496111144711
1.43481874555268
1.43467271015575
1.43452328528364
1.43437173450948
1.43422000476386
1.43415684490082
1.43403146861130
1.43385942827790
1.43365619582605
1.43343404697872
1.43319985141452
1.43295422234097
1.43269218456510
1.43240505488168
1.43208310506930
1.43171828872305
1.43130641680025
1.43084831535478
1.43034972584709
1.42982004624850
1.42927026628026
1.42871060037132
1.42814842223601
1.42758694000883
1.42702491130833
1.42645740651353
1.42587740477160
1.42527780741353
1.42465336585240
1.42400208341412
1.42332579009867
1.42262976370782
1.42192154920998
1.42120928350405
1.42049992109179
1.41971123026507
1.41899685231523
1.41834003649251
1.41772062965409
1.41711955500108
1.41652283496886
1.41592426765680
1.41532618338290
1.41473823703554
1.41417456624793
1.41365005775199
1.41317662097779
1.41276030770826
1.41239991954057
1.41208735824875
1.41180956781505
1.41155156532575
1.41129979124897
1.41104502393871
1.41078416168728
1.41052054007073
1.41026273872990
1.41002221722439
1.40981037000419
1.40963570811454
1.40950180583979
1.40940648236650
1.40934235314011
1.40929858765732
1.40926342852385
1.40922683956077
1.40918267857247
1.40912989849429
1.40907251532482
1.40901840071626
1.40897720695251
1.40895793839634
1.40896674602164
1.40900545500514
1.40907115668059
1.40915692282454
1.40925345227914
1.40935123887857
1.40944272440720
1.40952395153488
1.40959531294534
1.40966128378140
1.40972917593480
1.40980727662313
1.40990279065794
1.41002009885470
1.41015971323492
1.41031818059972
1.41048892769264
1.41066382102470
1.41083506517100
1.41099698116894
1.41114724914206
1.41128732831520
1.41142198060983
1.41155802420324
1.41170262268704
1.41186153768652
1.41203774244612
1.41223072315620
1.41243662900742
1.41264920811678
1.41286129082093
1.41306646990355
1.41326056977179
1.41344255441827
1.41361468490209
1.41378188360204
1.41395049070628
1.41412669372379
1.41431503817467
1.41451733626971
1.41473226163862
1.41495568062797
1.41518166108778
1.41540387979295
1.41561711049306
1.41581842224928
1.41600781643198
1.41618815715029
1.41636442216204
1.41654247007913
1.41672760725010
1.41692331888096
1.41713044151596
1.41734698856439
1.41756864801350
1.41778982132233
1.41800496116687
1.41820987724724
1.41840269795699
1.41858427045096
1.41875790837013
1.41892855839721
1.41910158284555
1.41928146941002
1.41947075849744
1.41966945489501
1.41987504261217
1.42008311382916
1.42028842982707
1.42048617252655
1.42067308022049
1.42084819690860
1.42101306538812
1.42117132342142
1.42132780300447
1.42148735997851
1.42165370645197
1.42182853443229
1.42201112826983
1.42219855644962
1.42238639232614
1.42256978284494
1.42274460746737
1.42290844897301
1.42306115000554
1.42320482332100
1.42334332148295
1.42348129696359
1.42362307964822
1.42377164482011
1.42392791323219
1.42409054895791
1.42425630281228
1.42442080032807
1.42457960148403
1.42472925705497
1.42486812680786
1.42499675218526
1.42511770833830
1.42523496786327
1.42535294109536
1.42547541936830
1.42560467224124
1.42574092064967
1.42588229975621
1.42602532678510
1.42616574507671
1.42629955024854
1.42642394895470
1.42653801583865
1.42664290546492
1.42674155508504
1.42683797598787
1.42693628327190
1.42703971769955
1.42714987390790
1.42726633645344
1.42738679488157
1.42750761271312
1.42762470899492
1.42773454233367
1.42783495676213
1.42792568589916
1.42800841493226
1.42808635855082
1.42816348955201
1.42824358404419
1.42832932126423
1.42842165235535
1.42851958734046
1.42862044557209
1.42872051283057
1.42881593957180
1.42890366597465
1.42898215547773
1.42905175258213
1.42911459626242
1.42917409994173
1.42923413040666
1.42929808088902
1.42936806404140
1.42944441952453
1.42952564114584
1.42960875468939
1.42969003825880
1.42976592325054
1.42983384963060
1.42989288020586
1.42994392066425
1.42998949493461
1.43003313741201
1.43007854396186
1.43012869095004
1.43018512566451
1.43024760670990
1.43031417388966
1.43038162806818
1.43044630440590
1.43050496140782
1.43055555511965
1.43059772995694
1.43063289937822
1.43066390540180
1.43069433120827
1.43072764585240
1.43076637559959
1.43081150497966
1.43086224706538
1.43091624556260
1.43097014473189
1.43102040491097
1.43106415076651
1.43109986670814
1.43112775541343
1.43114968658674
1.43116875109333
1.43118851642520
1.43121217101336
1.43124176501585
1.43127772539653
1.43131875933009
1.43136217369353
1.43140452534575
1.43144245624200
1.43147349834085
1.43149666770530
1.43151270061354
1.43152387612697
1.43153346612637
1.43154495322448
1.43156119762752
1.43158375200910
1.43161249610599
1.43164567159501
1.43168030963490
1.43171294728995
1.43174046484136
1.43176083431342
1.43177360848689
1.43178002859333
1.43178272428755
1.43178508641135
1.43179045019999
1.43180129984088
1.43181867619013
1.43184192667224
1.43186887109952
1.43189632595255
1.43192087534220
1.43193969045861
1.43195121408907
1.43195553342988
1.43195436223240
1.43195062642591
1.43194776713387
1.43194891337299
1.43195613317513
1.43196993956370
1.43198916975952
1.43201126850081
1.43203290259823
1.43205076642607
1.43206237554518
1.43206666707406
1.43206425681198
1.43205729287500
1.43204893993489
1.43204262375370
1.43204120604582
1.43204630245961
1.43205789302966
1.43207432891803
1.43209273005183
1.43210967997414
1.43212204600974
1.43212773722661
1.43212620435708
1.43211858051210
1.43210740641920
1.43209602589419
1.43208778026944
1.43208521059117
1.43208944524303
1.43209992916482
1.43211455876821
1.43213018520842
1.43214337281190
1.43215122819604
1.43215209556189
1.43214595767272
1.43213444493349
1.43212044782973
1.43210741621782
1.43209855242070
1.43209601182021
1.43210041222100
1.43211067151446
1.43212426159923
1.43213782332620
1.43214797723279
1.43215212359868
1.43214908635697
1.43213939037770
1.43212513912294
1.43210951635252
1.43209602564993
1.43208764373226
1.43208610936120
1.43209149408307
1.43210219523245
1.43211531002020
1.43212733435469
1.43213500466556
1.43213609147430
1.43212992061996
1.43211756810390
1.43210158042146
1.43208538106607
1.43207244633067
1.43206546966003
1.43206571726494
1.43207270163704
1.43208432742970
1.43209734937791
1.43210819565223
1.43211379436874
1.43211232168397
1.43210366251376
1.43208942844014
1.43207257362416
1.43205670336511
1.43204519026483
1.43204038164083
1.43204301744245
1.43205205412465
1.43206490636742
1.43207806468125
1.43208794164149
1.43209173903847
1.43208811069355
1.43207750630297
1.43206206587158
1.43204510808563
1.43203033999060
1.43202097802328
1.43201893604467
1.43202440473981
1.43203576880241
1.43204999788694
1.43206337252781
1.43207237610075
1.43207454509793
1.43206905767462
1.43205695911900
1.43204089857739
1.43202450601986
1.43201153088001
1.43200492533652
1.43200613351190
1.43201474296242
1.43202857282106
1.43204419719252
1.43205774652041
1.43206585623702
1.43206647813905
1.43205936984891
1.43204617613922
1.43203002728279
1.43201480259338
1.43200420591187
1.43200085212504
1.43200565409240
1.43201757719842
1.43203388774583
1.43205079563310
1.43206437455021
1.43207149603964
1.43207059394562
1.43206205007613
1.43204810670848
1.43203234317664
1.43201882616184
1.43201112176860
1.43201143453009
1.43202007201594
1.43203536078969
1.43205403073271
1.43207200522597
1.43208537731820
1.43209134269281
1.43208889131268
1.43207905506788
1.43206468624588
1.43204976513624
1.43203844967401
1.43203407998665
1.43203836608527
1.43205096727645
1.43206955723999
1.43209036494925
1.43210909834860
1.43212195015476
1.43212654037880
1.43212248082728
1.43211149585635
1.43209701457698
1.43208335726467
1.43207469333691
1.43207404504789
1.43208254931147
1.43209915355484
1.43212087883182
1.43214350634424
1.43216259780129
1.43217456167251
1.43217752286408
1.43217179110973
1.43215979307045
1.43214551121435
1.43213353181300
1.43212794521885
1.43213135122092
1.43214421704157
1.43216475603782
1.43218934250139
1.43221336968628
1.43223235384635
1.43224301126906
1.43224407488054
1.43223660367676
1.43222374370835
1.43220999197311
1.43220011348845
1.43219800422814
1.43220573379064
1.43222303923314
1.43224736021412
1.43227444651276
1.43229936875824
1.43231770480177
1.43232660297148
1.43232549237299
1.43231623741623
1.43230269765084
1.43228982438485
1.43228247093802
1.43228421587365
1.43229649494837
1.43231823023596
1.43234607576359
1.43237519694748
1.43240043444957
1.43241753878273
1.43242421185125
1.43242066934408
1.43240961998850
1.43239562064333
1.43238401350002
1.43237961457072
1.43238556650200
1.43240255806296
1.43242863507810
1.43245965703027
1.43249025636118
1.43251514857683
1.43253039239515
1.43253435897450
1.43252814805584
1.43251534381589
1.43250116874088
1.43249762574052
1.43248041687419
1.43246789331896
1.43247773002215
1.43252256396949
1.43260709213368
1.43272720275069
1.43287127005472
1.43302316433225
1.43316620449223
1.43328705392121
1.43337865202950
1.43344154036572
1.43348331317364
1.43351643764414
1.43355498093083
1.43361114764114
1.43369235257036
1.43379963968185
1.43392765521753
1.43406618186379
1.43420278336400
1.43432586014609
1.43442741875974
1.43450483255377
1.43456128863771
1.43460480167224
1.43464609353173
1.43469592730703
1.43476249331567
1.43484314522551
1.43496538058269
1.43510730622317
1.43524198676708
1.43534413783324
1.43539609896826
1.43539181244616
1.43533785923303
1.43525157594613
1.43515668073670
1.43507763062548
1.43503397983923
1.43503609160477
1.43508316052456
1.43516387402992
1.43525953935732
1.43534878554839
1.43541273500216
1.43543938536304
1.43542623603645
1.43538057956800
1.43531748985386
1.43525606416284
1.43521483204822
1.43520744192914
1.43523961779973
1.43530807505499
1.43540158088128
1.43550384420379
1.43559752370087
1.43566835074466
1.43570839174629
1.43571773876620
1.43570425441381
1.43568148950683
1.43566533101104
1.43567016635365
1.43570554531226
1.43577400547824
1.43587067303733
1.43598457259455
1.43610138269274
1.43620689117524
1.43629034159871
1.43634686940839
1.43637851080952
1.43639351310178
1.43640424123469
1.43642412376877
1.43646442831247
1.43653163674604
1.43662598118503
1.43674153025585
1.43686769665879
1.43699184812032
1.43710232374639
1.43719116785801
1.43725593123473
1.43730009946203
1.43733214086938
1.43736337396590
1.43740520206544
1.43746639841293
1.43755104300103
1.43765762675753
1.43777951746906
1.43790661049776
1.43802777492271
1.43813352602048
1.43821822045305
1.43828132338899
1.43832741897987
1.43836502706230
1.43840448383138
1.43845544652310
1.43852458201980
1.43861403168135
1.43872095025340
1.43883826737268
1.43895643146320
1.43906570229792
1.43915849353434
1.43923110248588
1.43928454539584
1.43932422288331
1.43935855283573
1.43939691226824
1.43944738219248
1.43951482448061
1.43959976543672
1.43969832667060
1.43980321106872
1.43990547478832
1.43999669485163
1.44007096397585
1.44012624902984
1.44016483062170
1.44019268180051
1.44021798958307
1.44024917277310
1.44029286051019
1.44035233129149
1.44042675720980
1.44051146317058
1.44059908816396
1.44068136948418
1.44075113408501
1.44080399181226
1.44083934975932
1.44086050150758
1.44087380064253
1.44088708338444
1.44090780782670
1.44094125037606
1.44098927074470
1.44104991132125
1.44111790598168
1.44118596597402
1.44124656796802
1.44129373396394
1.44132445526139
1.44133937931749
1.44134261787712
1.44134071958236
1.44134108792248
1.44135019675390
1.44137204191908
1.44140723386401
1.44145286289725
1.44150323795650
1.44155128449853
1.44159024501644
1.44161530645768
1.44162472395193
1.44162021656950
1.44160652870394
1.44159025515102
1.44157826651113
1.44157604858445
1.44158640466079
1.44160881373455
1.44163958522534
1.44167276743504
1.44170159619693
1.44172013326333
1.44172468046267
1.44171464577388
1.44169267373902
1.44166396883734
1.44163505090004
1.44161217720744
1.44159984106827
1.44159971923475
1.44161029288949
1.44162723009156
1.44164445668536
1.44165563277172
1.44165566004562
1.44164191685468
1.44161487019694
1.44157793441967
1.44153664350956
1.44149730638072
1.44146550231676
1.44144473911439
1.44143563371595
1.44143578709062
1.44144037621325
1.44144333025291
1.44143880387054
1.44142258498835
1.44139308392028
1.44135171627568
1.44130254207310
1.44125128231087
1.44120393456434
1.44116533970906
1.44113802807935
1.44112162688428
1.44111297039031
1.44110686937651
1.44109738641516
1.44107925716932
1.44104915438503
1.44100648594286
1.44095352230159
1.44089483959822
1.44083621573352
1.44078323875162
1.44073996621247
1.44070796127058
1.44068593384773
1.44067006865976
1.44065494413781
1.44063485640402
1.44060518827740
1.44056351842485
1.44051019516442
1.44044824731057
1.44038265159527
1.44031911440101
1.44026272647624
1.44021672028860
1.44018172643688
1.44015560679496
1.44013400668738
1.44011139465133
1.44008240187254
1.44004312337214
1.43999204430723
1.43993040492989
1.43986189022901
1.43979174643225
1.43972551145987
1.43966768915141
1.43962066928243
1.43958415680353
1.43955526302823
1.43952920064764
1.43950044344540
1.43946406621051
1.43941691984767
1.43935839080258
1.43929054795065
1.43921763753592
1.43914505970464
1.43907806737916
1.43902051040299
1.43897390768476
1.43893709156262
1.43890649457073
1.43887701629288
1.43884325372278
1.43880080102928
1.43874731591043
1.43868307493962
1.43861090853422
1.43853551886255
1.43846234395397
1.43839624981678
1.43834036499424
1.43829533409769
1.43825915290325
1.43822767298130
1.43819559070701
1.43815773496701
1.43811031241760
1.43805181335823
1.43798338274011
1.43790854251374
1.43783233593377
1.43776012702285
1.43769630244833
1.43764321400952
1.43760062169217
1.43756574835740
1.43753395352163
1.43749985269149
1.43745861619722
1.43740712773171
1.43734474445305
1.43727344291796
1.43719735304811
1.43712175938164
1.43705182922771
1.43699137483717
1.43694192929430
1.43690238211012
1.43686923961465
1.43683747617424
1.43680174390752
1.43675764941910
1.43670283232178
1.43663752057143
1.43656448632479
1.43648837750256
1.43641460181458
1.43634802412226
1.43629179445484
1.43624658911071
1.43621044832496
1.43617923799332
1.43614764953328
1.43611048516476
1.43606390173812
1.43600634077317
1.43593891456405
1.43586513191090
1.43579006190321
1.43571911941764
1.43565675083525
1.43560537222114
1.43556477623255
1.43553217764599
1.43550288963133
1.43547144118971
1.43543289913608
1.43538405931317
1.43532422482166
1.43525537109509
1.43518168451518
1.43510855740250
1.43504128453287
1.43498379058654
1.43493767973089
1.43490184704804
1.43487273429614
1.43484518490921
1.43481368560116
1.43477369201263
1.43472272523937
1.43466098650891
1.43459130553810
1.43451846348588
1.43444805488033
1.43438513558212
1.43433299975333
1.43429238352319
1.43426128137272
1.43423541648280
1.43420926961467
1.43417740656252
1.43413578898809
1.43408275563424
1.43401942642443
1.43394944217418
1.43387809993272
1.43381107254423
1.43375305132842
1.43370660292602
1.43367154186838
1.43364496727165
1.43362195666612
1.43359674378995
1.43356410674381
1.43352062997889
1.43346553369473
1.43340087973931
1.43333107461025
1.43326181950001
1.43319874676958
1.43314604831933
1.43310546377101
1.43307584939669
1.43305344118204
1.43303275505144
1.43300789811908
1.43297399844980
1.43292837439033
1.43287119642347
1.43280546596133
1.43273628688019
1.43266965985546
1.43261102744465
1.43256395797231
1.43252928019285
1.43250486413487
1.43248612491940
1.43246711068098
1.43244194515296
1.43240623791669
1.43235815519458
1.43229887458695
1.43223231193125
1.43216419823120
1.43210069236503
1.43204691179358
1.43200567478307
1.43197681614100
1.43195721044357
1.43194150680004
1.43192340868284
1.43189719946336
1.43185911580256
1.43180827055627
1.43174688238082
1.43167975964936
1.43161314595005
1.43155323109406
1.43150464840773
1.43146934353169
1.43144609516193
1.43143078080437
1.43141736420002
1.43139934052681
1.43137130629029
1.43133026316593
1.43127636887836
1.43121290830852
1.43114552092082
1.43108085956658
1.43102497937507
1.43098187394075
1.43095249982907
1.43093451942785
1.43092284761041
1.43091086264411
1.43089199507218
1.43086131783094
1.43081674695514
1.43075955912402
1.43069411426831
1.43062681152789
1.43056456496281
1.43051313249273
1.43047571444914
1.43045216204564
1.43043899048315
1.43043019437071
1.43041868450855
1.43039799505509
1.43036384879415
1.43031520541266
1.43025454179893
1.43018726845665
1.43012044870899
1.43006110541197
1.43001451422284
1.42998292455538
1.42996498230802
1.42995603109483
1.42994922168155
1.42993714067676
1.42991360845082
1.42987517570331
1.42982198018436
1.42975773795865
1.42968887856803
1.42962300978749
1.42956707801585
1.42952569520557
1.42949999271445
1.42948732610655
1.42948188174325
1.42947605502984
1.42946228137653
1.42943485790465
1.42939134608237
1.42933318031616
1.42926535699762
1.42919525591258
1.42913087039870
1.42907888450520
1.42904303548199
1.42902319443247
1.42901535240382
1.42901256379828
1.42900660382953
1.42898994025638
1.42895756718389
1.42890823491485
1.42884478431965
1.42877349767195
1.42870260369923
1.42864030933494
1.42859281344516
1.42856278114921
1.42854867114058
1.42854506200460
1.42854394607038
1.42853662650601
1.42851582739456
1.42847745842661
1.42842163865997
1.42835270556476
1.42827820341532
1.42820708571082
1.42817177825140
1.42796918612186
1.42772436350943
1.42756653640221
1.42759926744979
1.42787770860550
1.42839770769949
1.42909903814951
1.42988184336800
1.43063211364523
1.43124957943194
1.43167096327213
1.43188304727438
1.43192308345144
1.43186744185049
1.43181194187549
1.43184878782215
1.43204534178393
1.43242933540189
1.43298370119594
1.43365208656291
1.43435363125925
1.43500322749793
1.43553211771832
1.43590366199193
1.43612067632487
1.43622302965413
1.43627671533685
1.43635736849238
1.43653228037072
1.43682071426294
1.43744142692930
1.43824618903588
1.43905023621069
1.43967620978315
1.43999507624015
1.43995471072522
1.43958955467518
1.43900931616399
1.43837003948161
1.43783533901501
1.43753769667918
1.43754900258282
1.43786658938450
1.43841692626532
1.43907526212087
1.43969624921316
1.44014841725179
1.44034459200497
1.44026118299377
1.43994188517410
1.43948516669141
1.43901904103847
1.43866971556300
1.43853195129568
1.43864799930346
1.43899957879670
1.43951408665300
1.44008311792983
1.44058875331953
1.44093148184991
1.44105323414689
1.44095013032980
1.44067198150715
1.44030894792922
1.43996890436556
1.43975132909412
1.43972406313168
1.43990830565671
1.44027495816696
1.44075275892266
1.44124599543881
1.44165756068463
1.44191191811889
1.44197256278857
1.44184986518939
1.44159752051920
1.44129868877448
1.44104542689109
1.44091660631113
1.44095958939974
1.44117984692383
1.44154065657824
1.44197265450581
1.44239083450325
1.44271493580967
1.44288840228059
1.44289141093591
1.44274490557911
1.44250475544508
1.44224766624345
1.44205242683415
1.44198113929894
1.44206487438898
1.44229699095528
1.44263544759571
1.44301338180387
1.44335535092150
1.44359538243031
1.44369252861160
1.44364024348585
1.44346735798429
1.44323054720875
1.44300024637682
1.44284359055775
1.44280851230056
1.44291274313068
1.44314016572444
1.44344520499514
1.44376408362407
1.44403023359850
1.44419019097164
1.44421617285559
1.44411236464775
1.44391342293690
1.44367568966231
1.44346335122957
1.44333299495806
1.44332027165530
1.44343179420127
1.44364401818111
1.44390927423541
1.44416741272649
1.44436029187359
1.44444562640790
1.44440692381266
1.44425709245442
1.44403495569538
1.44379556683787
1.44359680739200
1.44348552901943
1.44348657859215
1.44359721084936
1.44378812055022
1.44401074417155
1.44420904797007
1.44433298533675
1.44435040912015
1.44425458226280
1.44406549724850
1.44382475383705
1.44358531007372
1.44339866750097
1.44330260004259
1.44331234858526
1.44341728439988
1.44358373790375
1.44376327559836
1.44390440463980
1.44396491305580
1.44392190747138
1.44377711247489
1.44355620561974
1.44330238832579
1.44306583019534
1.44289158592755
1.44280891252842
1.44282448035914
1.44292104025728
1.44306177409584
1.44319926217371
1.44328691113390
1.44329011058161
1.44319444257408
1.44300896297297
1.44276381254651
1.44250277319530
1.44227262862276
1.44211195059402
1.44204198093464
1.44206174595661
1.44214849893839
1.44226333630917
1.44236062788734
1.44239898749106
1.44235117031721
1.44221052089114
1.44199240929620
1.44173035448528
1.44146781422269
1.44124768238640
1.44110203820682
1.44104458502166
1.44106754809125
1.44114370243709
1.44123302209296
1.44129234034472
1.44128572321121
1.44119305290319
1.44101476686727
1.44077161001711
1.44049949397880
1.44024075848899
1.44003397104157
1.43990473917616
1.43985969899184
1.43988506969485
1.43995008818967
1.44001447038075
1.44003811510838
1.43999073211523
1.43985907170165
1.43965001969416
1.43938881345460
1.43911285494409
1.43886264762424
1.43867207054432
1.43856032080027
1.43852742869119
1.43855437298002
1.43860773011368
1.43864775277099
1.43863793515321
1.43855377068058
1.43838859612671
1.43815510574716
1.43788219795253
1.43760792649700
1.43737031592635
1.43719824798032
1.43710461014323
1.43708330474004
1.43711080410939
1.43715185865326
1.43716799343060
1.43712676083374
1.43700952468301
1.43681589749428
1.43656375298979
1.43628484405509
1.43601709408899
1.43579546507351
1.43564359626760
1.43556820371849
1.43555755298245
1.43558433642516
1.43561227287759
1.43560483917663
1.43553405089612
1.43538717854663
1.43516976666481
1.43490423380120
1.43462440594988
1.43436733741214
1.43416440559757
1.43403381651995
1.43397629465639
1.43397497868950
1.43399950316683
1.43401331898824
1.43398248363562
1.43388382591162
1.43371050571449
1.43347362359048
1.43319949265840
1.43292325261671
1.43268039365992
1.43249823589445
1.43238941483066
1.43234889267493
1.43235521250192
1.43237567369090
1.43237419657680
1.43232000387929
1.43219502740427
1.43199824792416
1.43174590546280
1.43146754687733
1.43119887847111
1.43097316527753
1.43081325534310
1.43072613055006
1.43070126466344
1.43071317132179
1.43072753431853
1.43070945804105
1.43063187135763
1.43048204394633
1.43026464870542
1.43000060856219
1.42972202718217
1.42946444056376
1.42925826530973
1.42912151323721
1.42905549076003
1.42904450361263
1.42905963090462
1.42906567016857
1.42902960365355
1.42892855707150
1.42875531361447
1.42852005260970
1.42824788051096
1.42797276255976
1.42772933519142
1.42754458337635
1.42743136677904
1.42738535756727
1.42738606827292
1.42740177371755
1.42739712053861
1.42734163603034
1.42721708808362
1.42702188940150
1.42677147784603
1.42649459470481
1.42622634784762
1.42599976022700
1.42583783484594
1.42574803636466
1.42572049627871
1.42573036940396
1.42574377960481
1.42572596964650
1.42564965974541
1.42550165231031
1.42528603229312
1.42502318863719
1.42474490355081
1.42448669342895
1.42427925953981
1.42414111708973
1.42407413685491
1.42406308443916
1.42407924490924
1.42408730155877
1.42405383582019
1.42395537290684
1.42378409017253
1.42354971228464
1.42327720342682
1.42300074573421
1.42275550660160
1.42256917595626
1.42245532401313
1.42241010479777
1.42241315497376
1.42243244185661
1.42243194822834
1.42238033301996
1.42225851586127
1.42206431764568
1.42181302379664
1.42153371139068
1.42126225937426
1.42103271938653
1.42086910612765
1.42077962297311
1.42075466092785
1.42076904094827
1.42078803897093
1.42077570204905
1.42070351864250
1.42055734560233
1.42034085176856
1.42007468697780
1.41979152875245
1.41952821755085
1.41931688704689
1.41917723849243
1.41911176802333
1.41910511648558
1.41912769940386
1.41914277183352
1.41911524968033
1.41902020027926
1.41884890268249
1.41861101044735
1.41833227158618
1.41804835823006
1.41779626925535
1.41760544216188
1.41749064247976
1.41744837273811
1.41745764720532
1.41748495047265
1.41749226733091
1.41744623089220
1.41732619868315
1.41712931734112
1.41687126129359
1.41658251757261
1.41630106973271
1.41606324044603
1.41589496560012
1.41580551405921
1.41578517889862
1.41580754698675
1.41583576761136
1.41583136966945
1.41576355123536
1.41561666864151
1.41539409395289
1.41511748366769
1.41482160352192
1.41454597582294
1.41432537234405
1.41418143577873
1.41411740639010
1.41411725877790
1.41414947350302
1.41417451179402
1.41415433022382
1.41406157641170
1.41388627027544
1.41363830918757
1.41334516776816
1.41304531920091
1.41277899215157
1.41257848000285
1.41246034916784
1.41242136394534
1.41243916166131
1.41247751854704
1.41249499941135
1.41245491912844
1.41233426837950
1.41212934424849
1.41185676949160
1.41154956310281
1.41124922927999
1.41099577858101
1.41081808734780
1.41072688246043
1.41071207219069
1.41074504294274
1.41078542298475
1.41079073093916
1.41072665342072
1.41057539528412
1.41034009283359
1.41004419186135
1.40972585917127
1.40942883450610
1.40919191490788
1.40903957552074
1.40897600227571
1.40898396057377
1.40902879075850
1.40906663579363
1.40905495934695
1.40896285291648
1.40877860587260
1.40851268685377
1.40819531647575
1.40786928189260
1.40757965418536
1.40736294312762
1.40723824138550
1.40720253711841
1.40723126769003
1.40728408461634
1.40731444181728
1.40728081710706
1.40715680034378
1.40693761085181
1.40664141061132
1.40630504780725
1.40597524367536
1.40569737445564
1.40550452412392
1.40540942726808
1.40540128011011
1.40544815228310
1.40550449270599
1.40552202934733
1.40546141587319
1.40530184634121
1.40504625773077
1.40472078235675
1.40436856369918
1.40403943220988
1.40377791748802
1.40361247401316
1.40354853895168
1.40356702442910
1.40362871325584
1.40368353449788
1.40368256541802
1.40358989295014
1.40339145351308
1.40309861094645
1.40274559230648
1.40238135355714
1.40205783096197
1.40181743732066
1.40168277766819
1.40165106276587
1.40169454792386
1.40176699511933
1.40181464724028
1.40178918184356
1.40165946997062
1.40141928664977
1.40108904968235
1.40071104371000
1.40033934938547
