Zlong_Re
1.00899983644651
1.00920554032258
1.00940347194381
1.00958823247595
1.00975700483902
1.00990940243185
1.01004685477761
1.01017188859144
1.01028750430892
1.01039668124044
1.01050201101694
1.01060546359511
1.01070823564878
1.01081073565755
1.01091266944375
1.01101324018780
1.01111142958981
1.01120627114393
1.01129709292988
1.01138365556321
1.01146618484409
1.01154530630830
1.01162189329548
1.01169689947058
1.01177116552808
1.01184527915726
1.01191948740281
1.01199368476790
1.01206749215754
1.01214037387072
1.01221179365798
1.01228135026209
1.01234887467909
1.01241447430265
1.01247849843729
1.01254145353009
1.01260389711902
1.01266631849712
1.01272904073440
1.01279216444103
1.01285556676243
1.01291894351098
1.01298190456983
1.01304406617625
1.01310516679709
1.01316510667208
1.01322398064045
1.01328205011490
1.01333968119434
1.01339725933726
1.01345510501091
1.01351340424745
1.01357217946898
1.01363128604059
1.01369046272588
1.01374940038461
1.01380781935546
1.01386553890798
1.01392251208810
1.01397884708289
1.01403476121019
1.01409054427304
1.01414648517216
1.01420280236077
1.01425960344440
1.01431685439885
1.01437440886525
1.01443203774419
1.01448949280047
1.01454655905940
1.01460312226053
1.01465917704890
1.01471483769104
1.01477030431282
1.01482581016088
1.01488157781043
1.01493775369747
1.01499438975165
1.01505143044642
1.01510872095130
1.01516606336289
1.01522325018226
1.01528013097634
1.01533663279225
1.01539278400035
1.01544870666950
1.01550457691040
1.01556059345227
1.01561691929986
1.01567365660073
1.01573081823634
1.01578832073675
1.01584602506583
1.01590374872337
1.01596133236714
1.01601866837403
1.01607571965164
1.01613253520155
1.01618923798110
1.01624599284636
1.01630295628178
1.01636025762786
1.01641795413938
1.01647603033903
1.01653439160520
1.01659290249502
1.01665141408763
1.01670979739542
1.01676797342883
1.01682594299366
1.01688377238797
1.01694158240614
1.01699951048585
1.01705769108999
1.01711621584717
1.01717511023934
1.01723433835709
1.01729379948798
1.01735337105382
1.01741292470578
1.01747235822745
1.01753163586655
1.01759077066057
1.01764984257403
1.01770896064570
1.01776825019291
1.01782781725897
1.01788772269416
1.01794796792164
1.01800849879868
1.01806922024971
1.01813001330219
1.01819077784215
1.01825143888113
1.01831198280911
1.01837244224896
1.01843290062138
1.01849346026614
1.01855423097479
1.01861529053160
1.01867667011497
1.01873835499450
1.01880028152586
1.01886235558314
1.01892447736007
1.01898655990476
1.01904855966181
1.01911047860641
1.01917236376565
1.01923429791302
1.01929637958987
1.01935868961171
1.01942128605267
1.01948418198846
1.01954734838080
1.01961071256017
1.01967418695346
1.01973768786403
1.01980115091960
1.01986454988815
1.01992790167687
1.01999126659130
1.02005472088963
1.02011834991482
1.02018222295867
1.02024637271389
1.02031079328859
1.02037544322892
1.02044025152034
1.02050513649262
1.02057003139294
1.02063489160194
1.02069971029620
1.02076451684469
1.02082937143421
1.02089435232746
1.02095952465264
1.02102494108416
1.02109061756962
1.02115653266809
1.02122264033776
1.02128886940780
1.02135515137393
1.02142143107875
1.02148768065759
1.02155391080118
1.02162016287814
1.02168649624256
1.02175297535710
1.02181965855396
1.02188657923732
1.02195373491938
1.02202109585670
1.02208861093342
1.02215621287304
1.02222384523455
1.02229147118257
1.02235908067167
1.02242669189517
1.02249435400536
1.02256212293946
1.02263005618586
1.02269819666195
1.02276655767538
1.02283512907026
1.02290386760483
1.02297272242267
1.02304163791988
1.02311056832801
1.02317949147524
1.02324840809691
1.02331735238694
1.02338637319887
1.02345552280822
1.02352484475413
1.02359436823191
1.02366409199865
1.02373399033150
1.02380402551429
1.02387414375257
1.02394429839371
1.02401445681758
1.02408461376840
1.02415478387129
1.02422500367504
1.02429532019171
1.02436578015571
1.02443641458415
1.02450723681451
1.02457823447489
1.02464937870134
1.02472061936065
1.02479191242831
1.02486322719952
1.02493454017355
1.02500586324666
1.02507721993379
1.02514864610574
1.02522018964318
1.02529188634290
1.02536375244208
1.02543578949551
1.02550796948264
1.02558026022093
1.02565261951602
1.02572500697100
1.02579740021008
1.02586979885013
1.02594221785176
1.02601469100120
1.02608725660207
1.02615995065362
1.02623279904234
1.02630580743752
1.02637895987357
1.02645223011386
1.02652557432712
1.02659895764318
1.02667235299210
1.02674575041590
1.02681915593023
1.02689260183069
1.02696612361907
1.02703975360227
1.02711352377497
1.02718744156862
1.02726150065013
1.02733567990934
1.02740994214634
1.02748424518502
1.02755856459383
1.02763288341969
1.02770720378418
1.02778154748525
1.02785594799795
1.02793044451351
1.02800506747732
1.02807983314329
1.02815473670422
1.02822976066137
1.02830487126930
1.02838003135788
1.02845520737216
1.02853037752462
1.02860554347085
1.02868071647091
1.02875593117911
1.02883122451474
1.02890663347830
1.02898217533019
1.02905785968863
1.02913366811786
1.02920956716570
1.02928551901645
1.02936148722657
1.02943744707618
1.02951339134166
1.02958932988174
1.02966528976221
1.02974131342107
1.02981743752297
1.02989368969391
1.02997008532985
1.03004661117762
1.03012323842408
1.03019992914339
1.03027663789179
1.03035333129798
1.03042999715799
1.03050663762118
1.03058328190681
1.03065996912702
1.03073674227614
1.03081363865855
1.03089067757198
1.03096785680176
1.03104515057637
1.03112251967878
1.03119991530589
1.03127729679046
1.03135463765925
1.03143193497424
1.03150920860431
1.03158650132077
1.03166386221445
1.03174133572341
1.03181895061325
1.03189671413224
1.03197461136908
1.03205260136050
1.03213063467913
1.03220865973507
1.03228663851861
1.03236455461606
1.03244242251155
1.03252027293938
1.03259816393990
1.03267615014511
1.03275427430418
1.03283255845912
1.03291099444746
1.03298955066295
1.03306817099586
1.03314679665759
1.03322537521857
1.03330387698428
1.03338230212473
1.03346067939835
1.03353905690555
1.03361750496223
1.03369607691083
1.03377481113408
1.03385371912388
1.03393277716742
1.03401192976208
1.03409111267881
1.03417026112228
1.03424932552614
1.03432828780097
1.03440716404615
1.03448599944526
1.03456486479820
1.03464382697294
1.03472294930641
1.03480225734485
1.03488174906641
1.03496137409438
1.03504106703561
1.03512074933384
1.03520035168381
1.03527983739411
1.03535920010894
1.03543847447518
1.03551772880822
1.03559704302648
1.03567649639158
1.03575614130787
1.03583599257285
1.03591602475559
1.03599617083418
1.03607634474953
1.03615646209950
1.03623645709570
1.03631629919007
1.03639600739908
1.03647563402671
1.03655527015066
1.03663501029146
1.03671492723754
1.03679506770404
1.03687542856433
1.03695595819416
1.03703657445743
1.03711717290877
1.03719766460306
1.03727798530407
1.03735813157288
1.03743813613534
1.03751808279416
1.03759807773823
1.03767821614334
1.03775857949491
1.03783919630526
1.03792003730662
1.03800102930121
1.03808206584479
1.03816303162215
1.03824383526030
1.03832443016586
1.03840482585714
1.03848509014305
1.03856532862866
1.03864565907789
1.03872619318743
1.03880699152810
1.03888806640147
1.03896936345125
1.03905077797042
1.03913218570745
1.03921346344349
1.03929452588119
1.03937533974040
1.03945594685537
1.03953643938715
1.03961694941587
1.03969760978481
1.03977852500964
1.03985975147862
1.03994126808768
1.04002298953255
1.04010478983519
1.04018651902278
1.04026805188420
1.04034931417320
1.04043029942613
1.04051107743110
1.04059177267447
1.04067254033157
1.04075352406363
1.04083482319186
1.04091646831743
1.04099840891560
1.04108053099942
1.04116266896948
1.04124466715718
1.04132639975952
1.04140780864491
1.04148891869622
1.04156983790250
1.04165072076396
1.04173174220256
1.04181305525957
1.04189474090837
1.04197680134112
1.04205915168941
1.04214163943255
1.04222407759010
1.04230629046103
1.04238816570519
1.04246967290044
1.04255087357884
1.04263191008043
1.04271297447137
1.04279426003913
1.04287591382827
1.04295799548518
1.04304047244684
1.04312321653559
1.04320603712632
1.04328872229255
1.04337109427383
1.04345305719555
1.04353461110347
1.04361586817097
1.04369700917867
1.04377825836068
1.04385981985633
1.04394183223519
1.04402432231108
1.04410721592464
1.04419033462749
1.04427345071805
1.04435633464315
1.04443881199179
1.04452080725238
1.04460236893221
1.04468365583895
1.04476489853608
1.04484634551060
1.04492820561720
1.04501059318145
1.04509350528259
1.04517681038954
1.04526027978222
1.04534364481983
1.04542666812267
1.04550918607531
1.04559116167975
1.04567269288669
1.04575399675830
1.04583534742905
1.04591701674715
1.04599920788398
1.04608200443501
1.04616535289910
1.04624905936105
1.04633284546805
1.04641641140205
1.04649951071496
1.04658200533650
1.04666390912562
1.04674538065940
1.04682669167741
1.04690816260410
1.04699008398248
1.04707264296068
1.04715588102531
1.04723967676481
1.04732377317061
1.04740784071165
1.04749155190707
1.04757465880943
1.04765471233342
1.04776035112369
1.04789259260352
1.04805151249746
1.04823627865121
1.04844539137363
1.04867706589333
1.04892965604380
1.04920204710931
1.04949388774119
1.04980566588287
1.05013854636703
1.05049409409509
1.05087389653843
1.05127917391796
1.05171053145113
1.05216782909091
1.05265023951455
1.05315647155639
1.05368507567753
1.05423479041827
1.05480482598736
1.05539502744442
1.05600589310036
1.05663842869223
1.05729390479593
1.05797353591902
1.05867819665930
1.05940822621683
1.06016335931947
1.06094514962472
1.06172390576251
1.06249764088106
1.06326561743733
1.06402845643354
1.06478791934697
1.06554644697740
1.06630654418804
1.06707018323625
1.06783834221225
1.06861078871120
1.06938617651247
1.07016237562339
1.07093699823856
1.07170797294607
1.07247398703851
1.07323477677302
1.07399113649370
1.07474469518326
1.07549749175085
1.07625147643172
1.07700804749817
1.07776772694994
1.07853005681135
1.07929372766433
1.08005690950818
1.08081769441146
1.08157454244132
1.08232663671832
1.08307403142635
1.08381762501065
1.08455890167279
1.08529957538655
1.08604116209894
1.08678462403151
1.08753015592770
1.08827714566484
1.08902435202261
1.08977019433884
1.09051315003717
1.09125210107999
1.09198658396226
1.09271688294152
1.09344393558740
1.09416908472721
1.09489376037118
1.09561912556213
1.09634580686840
1.09707375381120
1.09780227135670
1.09853019322027
1.09925617149061
1.09997899792711
1.10069788639331
1.10141264811141
1.10212371550354
1.10283202417103
1.10353877927788
1.10424515286849
1.10495201936104
1.10565973417579
1.10636808020320
1.10707631078052
1.10778335532807
1.10848807463310
1.10918952858266
1.10988720177124
1.11058110586856
1.11127177077481
1.11196010096188
1.11264715219494
1.11333387767615
1.11402090005556
1.11470837067910
1.11539594397401
1.11608286765609
1.11676817145707
1.11745090682238
1.11813036760878
1.11880624964946
1.11947871960426
1.12014835609585
1.12081601216941
1.12148259689014
1.12214886418974
1.12281522690407
1.12348167710712
1.12414778382373
1.12481281464402
1.12547591036162
1.12613629761683
1.12679346121978
1.12744727689608
1.12809801492304
1.12874627488361
1.12939283831960
1.13003847374042
1.13068375627229
1.13132892887040
1.13197385658285
1.13261805892816
1.13326084416449
1.13390146627460
1.13453930777351
1.13517402671843
1.13580563024235
1.13643446356557
1.13706112626909
1.13768631400083
1.13831065762430
1.13893457310862
1.13955816597886
1.14018120724266
1.14080320149559
1.14142350527397
1.14204148701546
1.14265667533665
1.14326886979752
1.14387818070657
1.14448500095706
1.14508989752568
1.14569348476103
1.14629626398937
1.14689851258641
1.14750022479317
1.14810111132210
1.14870067289737
1.14929833303330
1.14989357283638
1.15048604752702
1.15107568002134
1.15166265349445
1.15224738117020
1.15283039282099
1.15341221046561
1.15399321639003
1.15457357427721
1.15515318049038
1.15573171185377
1.15630869299394
1.15688361893722
1.15745607400167
1.15802583215513
1.15859290579281
1.15915753934551
1.15972014440640
1.16028119831427
1.16084112963919
1.16140021732530
1.16195851952402
1.16251587819080
1.16307194306592
1.16362627697545
1.16417845282335
1.16472815249455
1.16527524974954
1.16581983356006
1.16636218227450
1.16690268897083
1.16744177240438
1.16797977123255
1.16851686869460
1.16905304824527
1.16958810220096
1.17012168021358
1.17065339039839
1.17118288046006
1.17170993371266
1.17223450009103
1.17275672753922
1.17327690690448
1.17379540756057
1.17431258125433
1.17482868561220
1.17534381702164
1.17585789639968
1.17637068562247
1.17688185848054
1.17739106970118
1.17789804582914
1.17840264881326
1.17890490359367
1.17940499282179
1.17990320376182
1.18039987076005
1.18089528236006
1.18138961618060
1.18188289476562
1.18237499405248
1.18286567231639
1.18335462315155
1.18384156220581
1.18432628751204
1.18480872918076
1.18528897054862
1.18576721481591
1.18624374088991
1.18671883259631
1.18719271544897
1.18766549365306
1.18813714037643
1.18860749511818
1.18907631685246
1.18954333896581
1.19000833132041
1.19047116216055
1.19093182838652
1.19139044662938
1.19184722777735
1.19230243315320
1.19275629028467
1.19320896359221
1.19366049781296
1.19411081964242
1.19455975729814
1.19500707648162
1.19545255548051
1.19589602473132
1.19633741585179
1.19677677129343
1.19721423543628
1.19765001665557
1.19808433668298
1.19851738259886
1.19894925378454
1.19937994549099
1.19980935097984
1.20023729144436
1.20066356087421
1.20108798499129
1.20151044593954
1.20193093350672
1.20234952586492
1.20276637816698
1.20318169031613
1.20359564534288
1.20400837460575
1.20441992352008
1.20483024851290
1.20523921996557
1.20564666966405
1.20605242498881
1.20645635486358
1.20685840210795
1.20725859196479
1.20765703463308
1.20805388923654
1.20844932650113
1.20884349032382
1.20923645577781
1.20962823010836
1.21001873181427
1.21040783111188
1.21079537147083
1.21118121797598
1.21156528735654
1.21194757200584
1.21232813415439
1.21270709795430
1.21308460923124
1.21346081356377
1.21383580254981
1.21420961545495
1.21458221186089
1.21495349347264
1.21532333125155
1.21569159722064
1.21605819660052
1.21642309586235
1.21678632359010
1.21714797145677
1.21750816414964
1.21786703184815
1.21822467940699
1.21858116047762
1.21893646679417
1.21929052841194
1.21964323984921
1.21999448331768
1.22034416553037
1.22069223148560
1.22103869155966
1.22138360881599
1.22172708908073
1.22206925066678
1.22241020002298
1.22274999924070
1.22308866128576
1.22342613830058
1.22376234310459
1.22409716976048
1.22443052666391
1.22476234956123
1.22509263416241
1.22542142162382
1.22574880626382
1.22607489316223
1.22639979139701
1.22672356519799
1.22704624465797
1.22736779713051
1.22768814857638
1.22800720085140
1.22832486023728
1.22864106009055
1.22895577953484
1.22926905299710
1.22958095925461
1.22989160153170
1.23020108557429
1.23050948927128
1.23081684788203
1.23112314145333
1.23142830643756
1.23173224959633
1.23203487010040
1.23233609281050
1.23263588771010
1.23293427607957
1.23323132906637
1.23352714934832
1.23382184612370
1.23411551165187
1.23440819258474
1.23469988653713
1.23499052988524
1.23528003245986
1.23556828242014
1.23585519750790
1.23614072760676
1.23642487946116
1.23670771783021
1.23698934719968
1.23726988465716
1.23754943858509
1.23782807556498
1.23810580656602
1.23838258160180
1.23865830652808
1.23893286468383
1.23920614792274
1.23947808895023
1.23974867486346
1.24001795479208
1.24028602893042
1.24055303110564
1.24081908844051
1.24108429220582
1.24134867727275
1.24161221444341
1.24187480864611
1.24213633768896
1.24239666810920
1.24265570295274
1.24291339767217
1.24316978466978
1.24342495643803
1.24367905298739
1.24393222289674
1.24418458784993
1.24443621917935
1.24468711323351
1.24493719076953
1.24518632252251
1.24543435602225
1.24568115716320
1.24592664709917
1.24617081970086
1.24641374975840
1.24665557347882
1.24689646301495
1.24713657520841
1.24737602245475
1.24761483920253
1.24785297811637
1.24809031306189
1.24832667798738
1.24856190191591
1.24879586129712
1.24902849952704
1.24925986372845
1.24949006981419
1.24971930063154
1.24994774770073
1.25017557152892
1.25040285704028
1.25062959807978
1.25085569536746
1.25108097669962
1.25130524713011
1.25152832925147
1.25175011444678
1.25197058768432
1.25218984128880
1.25240804770250
1.25262542419408
1.25284217466689
1.25305845060199
1.25327430460947
1.25348967853554
1.25370441652444
1.25391830764847
1.25413112828772
1.25434270772159
1.25455296690226
1.25476193895225
1.25496977038594
1.25517668375820
1.25538292611069
1.25558871086143
1.25579416092108
1.25599928340161
1.25620396537226
1.25640799640201
1.25661112435954
1.25681311483457
1.25701381015761
1.25721317043583
1.25741128963959
1.25760837061037
1.25780468529269
1.25800049849403
1.25819602120248
1.25839134192430
1.25858640987654
1.25878104834539
1.25897499400362
1.25916796158471
1.25935971130276
1.25955011632890
1.25973919108875
1.25992708974418
1.26011408067022
1.26030047222953
1.26048654732858
1.26067249205957
1.26085834841506
1.26104400184748
1.26122920889699
1.26141365510952
1.26159702740392
1.26177910216620
1.26195978960432
1.26213916805846
1.26231746399478
1.26249500365965
1.26267213304216
1.26284913410397
1.26302616010284
1.26320319204939
1.26338003927488
1.26355639172440
1.26373188630475
1.26390619848859
1.26407912759695
1.26425064251256
1.26442089450440
1.26459018836991
1.26475890404532
1.26492741400239
1.26509598615958
1.26526472372292
1.26543353005332
1.26560214017067
1.26577017322210
1.26593722903971
1.26610298386602
1.26625876507017
1.26643349328860
1.26661949003860
1.26681615394740
1.26702928378975
1.26726895927884
1.26754654205817
1.26787154779546
1.26824911246510
1.26867861921609
1.26915376428648
1.26966395471569
1.27019667305918
1.27074019542147
1.27128602062469
1.27183045537188
1.27237502725504
1.27292565377919
1.27349084552009
1.27407936993937
1.27469796509271
1.27534964406023
1.27603293997913
1.27674225110304
1.27746915857067
1.27820436127815
1.27893975076870
1.27967014114549
1.28039425975183
1.28111477771575
1.28184593882700
1.28256607539173
1.28328994431306
1.28402329196639
1.28476228839774
1.28549521090600
1.28620586216131
1.28687787006769
1.28749882926619
1.28806333209447
1.28857423206044
1.28904191615129
1.28948185262909
1.28991103176406
1.29034418009470
1.29079064287755
1.29125261111064
1.29172509319169
1.29219754144616
1.29265672022491
1.29309007836812
1.29348884498776
1.29385010283435
1.29417743358191
1.29447999632651
1.29477033897815
1.29506147134063
1.29536392591902
1.29568348347825
1.29602008083385
1.29636811728829
1.29671805051034
1.29705885363038
1.29738074850715
1.29767755764931
1.29794812584123
1.29819652757624
1.29843102554072
1.29866207702671
1.29889987813827
1.29915202532696
1.29942186125102
1.29970785005357
1.30000412878970
1.30030205536968
1.30059235984907
1.30086740075413
1.30112296059370
1.30135919636446
1.30158052490601
1.30179451502936
1.30201004249198
1.30223520348417
1.30247544267679
1.30273235274929
1.30300341143280
1.30328269619411
1.30356238666226
1.30383467271054
1.30409362415511
1.30433656698302
1.30456466057916
1.30478255463122
1.30499722932903
1.30521630361705
1.30544622689834
1.30569078640654
1.30595027294193
1.30622148652921
1.30649857377259
1.30677447554664
1.30704262852054
1.30729851933158
1.30754071888307
1.30777116617228
1.30799465309842
1.30821763227009
1.30844666306457
1.30868684872852
1.30894065413033
1.30920736695908
1.30948332053546
1.30976281726216
1.31003951392115
1.31030794195449
1.31056478865122
1.31080964939736
1.31104507386344
1.31127591161057
1.31150811993145
1.31174732448230
1.31199748962641
1.31225999364718
1.31253333717323
1.31281353753342
1.31309511519622
1.31337241332574
1.31364094116178
1.31389842640134
1.31414531790260
1.31438463882924
1.31462122338336
1.31486054131261
1.31510737970300
1.31536470638332
1.31563298410970
1.31591008941215
1.31619184446276
1.31647303604571
1.31674866984515
1.31701514778370
1.31727111052602
1.31751772062890
1.31775836018720
1.31799778595057
1.31824097822391
1.31849194353576
1.31875276490705
1.31902312764279
1.31930040867643
1.31958033214077
1.31985799674130
1.32012905231595
1.32039072416554
1.32064245860458
1.32088602345554
1.32112505547369
1.32136417605416
1.32160786580465
1.32185939780637
1.32212005823690
1.32238886251250
1.32266279963623
1.32293757289194
1.32320863359220
1.32347226505814
1.32372645862634
1.32397137676237
1.32420928757123
1.32444400286072
1.32467994602839
1.32492109116158
1.32517001254153
1.32542727288399
1.32569130855903
1.32595881451986
1.32622554802540
1.32648734675070
1.32674111704830
1.32698556909750
1.32722149971883
1.32745159001788
1.32767974222208
1.32791013763932
1.32814622890369
1.32838991730242
1.32864110901000
1.32889774523990
1.32915631178523
1.32941268224248
1.32966311334792
1.32990512782801
1.33013810427630
1.33036340590282
1.33058404368882
1.33080393721604
1.33102697444868
1.33125607562272
1.33149249986681
1.33173555075909
1.33198275601884
1.33223046462364
1.33247472977168
1.33271225215723
1.33294116547344
1.33316147429263
1.33337503896475
1.33358511985046
1.33379558928978
1.33400999585708
1.33423071938253
1.33445839980238
1.33469179762322
1.33492809395044
1.33516357699003
1.33539453346533
1.33561813702150
1.33583311953423
1.33604006884827
1.33624127601079
1.33644018106576
1.33664054002583
1.33684552502859
1.33705696428863
1.33727490705678
1.33749762406623
1.33772202439375
1.33794440143225
1.33816132659538
1.33837046723502
1.33857114291861
1.33876448046577
1.33895313789602
1.33914066276673
1.33933063646876
1.33952581410994
1.33972746827901
1.33993508916016
1.34014650991737
1.34035843385654
1.34056722816918
1.34076979641652
1.34096431852650
1.34115068691000
1.34133052433157
1.34150678983626
1.34168306895700
1.34186270898795
1.34204801751478
1.34223971179821
1.34243674944157
1.34263658613130
1.34283578547693
1.34303085158549
1.34321906414833
1.34339913201891
1.34357149999800
1.34373823860228
1.34390254729559
1.34406798001995
1.34423759565807
1.34441322472809
1.34459503132802
1.34478147786694
1.34496969661315
1.34515618238825
1.34533763501841
1.34551175191717
1.34567777935694
1.34583669501514
1.34599096805638
1.34614396872266
1.34629915620189
1.34645925019115
1.34662557754829
1.34679775844757
1.34697379486637
1.34715055929117
1.34732454144566
1.34749269741359
1.34765317870570
1.34780577628767
1.34795197247685
1.34809458334365
1.34823708364336
1.34838277152127
1.34853397790442
1.34869150959557
1.34885445063484
1.34902039110036
1.34918600148994
1.34934783717454
1.34950316515964
1.34965062269379
1.34979054532635
1.34992488991137
1.35005676343054
1.35018967644801
1.35032670378451
1.35046974428009
1.35061906532266
1.35077323895259
1.35092948446090
1.35108433756134
1.35123448455354
1.35137755830850
1.35151271152116
1.35164082027761
1.35176427763105
1.35188641984227
1.35201072606098
1.35213998546458
1.35227562412809
1.35241736132460
1.35256327897216
1.35271027953896
1.35285483191952
1.35299381932696
1.35312529318407
1.35324894150784
1.35336616951750
1.35347976555232
1.35359323248768
1.35370994829845
1.35383235473300
1.35396136821892
1.35409615832135
1.35423434589348
1.35437257478589
1.35450731392452
1.35463571315190
1.35475628753071
1.35486928048924
1.35497660865448
1.35508140631843
1.35518727610224
1.35529742242366
1.35541388242689
1.35553703185354
1.35566549348724
1.35579646642188
1.35592639355070
1.35605182003584
1.35617022560897
1.35628063471469
1.35638385505273
1.35648229109559
1.35657936961969
1.35667872059064
1.35678330335797
1.35689469576644
1.35701270717106
1.35713542346038
1.35725966390065
1.35738174129588
1.35749835034680
1.35760736626752
1.35770836121677
1.35780271106483
1.35789327748320
1.35798371820512
1.35807761473804
1.35817760934122
1.35828476726581
1.35839831396622
1.35851581724843
1.35863376717586
1.35874841860835
1.35885669386340
1.35895692633410
1.35904926546602
1.35913565716696
1.35921937826675
1.35930425171860
1.35939373126931
1.35949006932178
1.35959376956654
1.35970346291077
1.35981622408735
1.35992827456089
1.36003588569073
1.36013628931530
1.36022833604136
1.36031278958442
1.36039214322752
1.36047003986293
1.36055039436678
1.36063644878297
1.36072999849300
1.36083094510980
1.36093731736468
1.36104573296801
1.36115221009253
1.36125313337047
1.36134610854688
1.36143056443492
1.36150789493036
1.36158112638610
1.36165421064756
1.36173106966137
1.36181465291636
1.36190622530615
1.36200504555827
1.36210854588728
1.36221293616626
1.36231411352993
1.36240864984103
1.36249461526198
1.36257206927549
1.36264304127971
1.36271106711230
1.36278033243930
1.36285468344389
1.36293668193518
1.36302700040177
1.36312423516660
1.36322522997730
1.36332584212144
1.36342192947122
1.36351034420647
1.36358970598731
1.36366074357478
1.36372613572430
1.36378986818990
1.36385629761352
1.36392909405307
1.36401034668533
1.36410006732237
1.36419615988787
1.36429491768436
1.36439191625732
1.36448305750152
1.36456557873877
1.36463872133801
1.36470392834704
1.36476451243099
1.36482486868882
1.36488942409015
1.36496157027684
1.36504284171261
1.36513253080058
1.36522783885711
1.36532454604561
1.36541801349543
1.36550430548268
1.36558113745494
1.36564845052194
1.36570843061418
1.36576500019430
1.36582289508249
1.36588652223473
1.36595888833045
1.36604087262802
1.36613099700049
1.36622576929240
1.36632049999157
1.36641044319563
1.36649192418245
1.36656324898361
1.36662511597881
1.36668047790632
1.36673384463361
1.36679020517156
1.36685382740623
1.36692722377639
1.36701053530559
1.36710147283349
1.36719585755664
1.36728860724495
1.36737496271531
1.36745163200739
1.36751761113295
1.36757443106235
1.36762581866739
1.36767681209961
1.36773256162371
1.36779707279920
1.36787225488661
1.36795742013342
1.36804943861283
1.36814346890131
1.36823412073076
1.36831674421897
1.36838856385579
1.36844936215175
1.36850155857067
1.36854964717836
1.36859913008198
1.36865519425612
1.36872147265272
1.36879913259515
1.36888658473370
1.36897983576833
1.36907343808564
1.36916179313875
1.36924048931650
1.36930739749051
1.36936850604177
1.36942129790191
1.36946050031285
1.36949037193593
1.36952300224694
1.36957484236747
1.36966237306982
1.36979796640751
1.36998692999815
1.37022640908038
1.37050623532305
1.37081154536882
1.37112634808885
1.37143723764973
1.37173632887810
1.37202274367403
1.37230238330129
1.37258607981406
1.37288665685848
1.37321561315692
1.37358028771012
1.37398210875314
1.37441637144472
1.37487348886110
1.37534137714351
1.37580836537160
1.37626588345940
1.37671032959012
1.37714366419165
1.37757265773460
1.37800168695724
1.37844668508627
1.37892607315898
1.37944530119859
1.37999625730732
1.38055987087095
1.38111115495230
1.38162540519953
1.38208412110938
1.38247918210470
1.38281447878034
1.38310465340708
1.38337143090185
1.38363836698989
1.38392538901731
1.38424439488064
1.38459682286862
1.38497381879994
1.38535875059565
1.38573150931319
1.38607343459853
1.38637176865796
1.38662254327449
1.38683131747607
1.38701165263772
1.38718176709026
1.38736017589762
1.38756140467872
1.38779278071514
1.38805295787142
1.38833258104516
1.38861679015710
1.38888895919037
1.38913471934147
1.38934536312222
1.38951978519188
1.38966459839150
1.38979242536721
1.38991877824155
1.39005839436150
1.39022181034194
1.39041302389422
1.39062873100204
1.39085936051368
1.39109153069359
1.39131132489476
1.39150766583036
1.39167488344322
1.39181396926459
1.39193220698719
1.39204133803493
1.39215469848120
1.39228404750191
1.39243683555481
1.39261456280136
1.39281255783534
1.39302125590612
1.39322857991365
1.39342288053474
1.39359572046208
1.39374382095522
1.39386973855361
1.39398116930419
1.39408901947788
1.39420476592810
1.39433773628187
1.39449292913210
1.39466992104519
1.39486307910545
1.39506301184750
1.39525886207926
1.39544094726844
1.39560303147268
1.39574375714431
1.39586688377407
1.39598031422207
1.39609413974644
1.39621819991349
1.39635975779863
1.39652180586797
1.39670242243696
1.39689531987570
1.39709140602509
1.39728100802158
1.39745617241166
1.39761254947490
1.39775036317934
1.39787429243306
1.39799228003162
1.39811359881740
1.39824660687844
1.39839678034405
1.39856542920611
1.39874945786236
1.39894215645241
1.39913485286346
1.39931900262995
1.39948823343056
1.39963983422020
1.39977533496491
1.39990010052347
1.40002198431325
1.40014942022518
1.40028940371461
1.40044582058345
1.40061856894198
1.40080362437271
1.40099404352747
1.40118166324432
1.40135905511603
1.40152129918870
1.40166711042772
1.40179911432974
1.40192316236607
1.40204690050757
1.40217790287929
1.40232187266312
1.40248128613667
1.40265483149501
1.40283777120007
1.40302309107370
1.40320321242289
1.40337180245262
1.40352527859482
1.40366362780746
1.40379036675105
1.40391167486455
1.40403487081626
1.40416665692859
1.40431150792482
1.40447063163536
1.40464168831960
1.40481939654466
1.40499681209801
1.40516701561263
1.40532475258629
1.40546768361750
1.40559691303334
1.40571668846392
1.40583335593132
1.40595381616010
1.40608387674511
1.40622684448643
1.40638276837020
1.40654844476787
1.40671821292629
1.40688532293190
1.40704356787520
1.40718876181107
1.40731971964687
1.40743852626397
1.40755000289279
1.40766053171013
1.40777651173787
1.40790281847853
1.40804165509343
1.40819202655375
1.40835000890173
1.40850970219413
1.40866466757877
1.40880945886416
1.40894093308025
1.40905898768381
1.40916655626559
1.40926888888616
1.40937227889050
1.40948253873578
1.40960361349081
1.40973664178385
1.40987969583358
1.41002826384809
1.41017634335876
1.41031789929364
1.41044830005537
1.41056542678800
1.41067016749160
1.41076618515123
1.41085902525163
1.41095477097163
1.41105858025777
1.41117345467704
1.41129952629900
1.41143403658785
1.41157201621875
1.41170749044090
1.41183491486292
1.41195050845619
1.41205315030458
1.41214463688767
1.41222924006653
1.41231267295363
1.41240069755965
1.41249775888450
1.41260590953142
1.41272433101498
1.41284954062350
1.41297623826733
1.41309859092440
1.41321163172617
1.41331245645383
1.41340090977673
1.41347961071506
1.41355332190987
1.41362779235766
1.41370837741424
1.41379874279401
1.41390000416662
1.41401044842917
1.41412597892983
1.41424108663397
1.41435019168726
1.41444898077448
1.41453544348454
1.41461034948830
1.41467705990760
1.41474070395522
1.41480695051080
1.41488064153017
1.41496463066194
1.41505910071196
1.41516152676684
1.41526729723619
1.41537081361497
1.41546685395169
1.41555182548025
1.41562462658189
1.41568690570113
1.41574266003252
1.41579727522263
1.41585622677958
1.41592375928564
1.41600187485133
1.41608985066004
1.41618441860892
1.41628055583134
1.41637270385146
1.41645609661590
1.41652792462700
1.41658798815535
1.41663875972677
1.41668478259035
1.41673157235029
1.41678429969869
1.41684653698550
1.41691940132291
1.41700129461428
1.41708829325538
1.41717508431238
1.41725625668471
1.41732760189934
1.41738712741061
1.41743553760847
1.41747606482001
1.41751369301627
1.41755395273254
1.41760159632591
1.41765945114964
1.41772774552551
1.41780404543801
1.41788385028263
1.41796167735430
1.41803238087854
1.41809239169673
1.41814058164012
1.41817853875776
1.41821018298783
1.41824082686179
1.41827589013493
1.41831961268106
1.41837401439734
1.41843842047210
1.41850962064517
1.41858263603670
1.41865193200955
1.41871274054451
1.41876221615841
1.41880012421571
1.41882890169427
1.41885307169119
1.41887816010996
1.41890936469478
1.41895030698561
1.41900215106026
1.41906332743432
1.41912990974637
1.41919654915155
1.41925777601707
1.41930931507557
1.41934911373635
1.41937784535973
1.41939875751387
1.41941688406452
1.41943784939499
1.41946650511760
1.41950575982531
1.41955588398422
1.41961443261987
1.41967683344032
1.41973748132324
1.41979110288249
1.41983401529987
1.41986502799599
1.41988572813301
1.41990011390191
1.41991363391594
1.41993188248171
1.41995923746897
1.41999782257554
1.42004697782826
1.42010341622755
1.42016200706978
1.42021701483423
1.42026348235868
1.42029842493581
1.42032156110044
1.42033538626364
1.42034458938992
1.42035491261940
1.42037178816076
1.42039902009257
1.42043785685009
1.42048669587825
1.42054144687707
1.42059652623651
1.42064619318844
1.42068593329351
1.42071355785067
1.42072974150434
1.42073786803598
1.42074322037685
1.42075172578721
1.42076851808233
1.42079670587841
1.42083660156970
1.42088565214359
1.42093903334044
1.42099081712542
1.42103538750461
1.42106880936153
1.42108977555307
1.42109994432418
1.42110354350143
1.42110637001829
1.42111439113710
1.42113230952269
1.42116242666597
1.42120406392572
1.42125373231685
1.42130595179892
1.42135456702596
1.42139423718305
1.42142172279509
1.42143668692926
1.42144178277011
1.42144203207521
1.42144362906929
1.42145244099982
1.42147260228622
1.42150549992710
1.42154943222492
1.42159999421147
1.42165113917229
1.42169662946589
1.42173154236461
1.42175346533308
1.42176309187207
1.42176407237175
1.42176215461965
1.42176379524332
1.42177461809749
1.42179804487115
1.42183445639647
1.42188108809113
1.42193267757500
1.42198272302286
1.42202505253969
1.42205531585165
1.42207203885425
1.42207700694513
1.42207485134256
1.42207194487924
1.42207487701092
1.42208886146203
1.42211646845934
1.42215699165421
1.42220658979596
1.42225921059183
1.42230802690041
1.42234709291140
1.42237278050454
1.42238467278667
1.42238569089183
1.42238140189828
1.42237869579279
1.42238413249090
1.42240235204309
1.42243493996570
1.42248002053672
1.42253269605979
1.42258620619227
1.42263354908192
1.42266918026584
1.42269035014203
1.42269780427034
1.42269561565552
1.42269022744166
1.42268891578027
1.42269803832170
1.42272148591951
1.42275972602360
1.42280966501288
1.42286537469395
1.42291950008770
1.42296503283856
1.42299700848331
1.42301372013150
1.42301715406036
1.42301254546116
1.42300712956136
1.42300841246058
1.42302235936823
1.42305193623061
1.42309637160890
1.42315131483202
1.42320985993627
1.42326419819628
1.42330749882194
1.42333557181731
1.42334789985145
1.42334779243298
1.42334162131943
1.42333729981402
1.42334238669395
1.42336224845996
1.42339875164180
1.42344977638796
1.42350969751367
1.42357071740321
1.42362473494859
1.42366530510783
1.42368921043053
1.42369726726172
1.42369416456169
1.42368736022897
1.42368530329768
1.42369540211762
1.42372221874728
1.42376633749960
1.42382419275080
1.42388889731008
1.42395187326485
1.42400491881464
1.42404219855792
1.42406167460924
1.42406563097933
1.42406016310367
1.42405373832657
1.42405517261179
1.42407149435917
1.42410623204248
1.42415852007895
1.42422327318199
1.42429237838048
1.42435662796310
1.42440794457501
1.42444134066759
1.42445615594539
1.42446198207395
1.42426502265273
1.42381606540400
1.42313161955571
1.42228581942122
1.42138971472201
1.42056357008659
1.41990862377314
1.41948438564889
1.41929625284761
1.41929607066071
1.41939538077866
1.41948798604038
1.41947603823149
1.41929294374285
1.41891758168731
1.41837689619998
1.41773706751024
1.41708613846622
1.41651251512081
1.41608432421468
1.41583415277432
1.41575246897811
1.41579113471049
1.41587606069142
1.41592578857743
1.41587127052040
1.41567186216734
1.41532378686062
1.41485941196194
1.41433235554161
1.41401521485897
1.41403265859568
1.41442269594868
1.41513245837588
1.41603464621550
1.41695994594980
1.41773775114962
1.41823597543454
1.41839088641942
1.41822003024423
1.41781538764677
1.41731890478965
1.41688701712472
1.41665332169417
1.41669840328601
1.41703340045435
1.41760026642710
1.41828779463358
1.41895925298214
1.41948510147506
1.41977327541046
1.41978994901624
1.41956599186958
1.41918774141144
1.41877477153509
1.41845047862899
1.41831290049678
1.41841264903140
1.41874274817516
1.41924213649572
1.41981153854295
1.42033774395303
1.42072059750870
1.42089637948275
1.42085209684565
1.42062735136892
1.42030354644359
1.41998337772911
1.41976587124172
1.41972311720462
1.41988412029495
1.42022922038415
1.42069599439842
1.42119494410779
1.42163117371402
1.42192694248473
1.42203978185952
1.42197188692338
1.42176863095926
1.42150674729638
1.42127529023903
1.42115419078840
1.42119557095491
1.42141214801073
1.42177516425712
1.42222205785359
1.42267189178824
1.42304483613421
1.42328109801574
1.42335481207121
1.42327959142240
1.42310451981181
1.42290169790494
1.42274856075506
1.42270935446369
1.42282019619583
1.42308112327745
1.42345679348331
1.42388546762661
1.42429406217204
1.42461567122711
1.42480540572927
1.42485076351666
1.42477409846636
1.42462666262760
1.42447583361971
1.42438872683489
1.42441623654017
1.42458125368703
1.42487373936466
1.42525364469660
1.42566084336267
1.42602969618706
1.42630474309626
1.42645380326927
1.42647535925711
1.42639846927667
1.42627533762108
1.42616844622237
1.42613547066072
1.42621562532428
1.42642063754918
1.42673237582404
1.42710756494856
1.42748838620809
1.42781640460878
1.42804652966977
1.42815763452108
1.42815732749225
1.42807975877900
1.42797706081092
1.42790661533516
1.42791727369453
1.42803783768668
1.42827048267792
1.42859057560978
1.42895284986600
1.42930239561183
1.42958785947679
1.42977369034965
1.42984848830385
1.42982748475078
1.42974856820718
1.42966292316348
1.42962261065509
1.42966811677144
1.42981884337631
1.43006873710693
1.43038800439407
1.43073043678869
1.43104458608234
1.43128610545045
1.43142830917813
1.43146841879067
1.43142799203060
1.43134750193618
1.43127641329312
1.43126124380114
1.43133448401490
1.43150699024071
1.43176562196975
1.43207658412770
1.43239366311218
1.43266936392064
1.43286629164582
1.43296604954897
1.43297350090869
1.43291540355625
1.43283378034540
1.43277568899762
1.43278190450173
1.43287723845910
1.43306476380710
1.43332526456027
1.43362198904352
1.43390955417224
1.43414486125385
1.43429741744636
1.43435657974724
1.43433397406138
1.43426052810433
1.43417888434208
1.43413307183632
1.43415795086190
1.43427095984164
1.43446808256065
1.43472496340554
1.43500285078784
1.43525795106758
1.43545195347663
1.43556120101769
1.43558229733781
1.43553279782695
1.43544684857555
1.43536686233185
1.43533328231588
1.43537491566149
1.43550212860361
1.43570448847484
1.43595337825080
1.43620893450250
1.43642964904331
1.43658233909530
1.43665008964026
1.43663624542263
1.43656349796495
1.43646831374528
1.43639208764777
1.43637118147000
1.43642824987654
1.43656690576519
1.43677095492199
1.43700836479264
1.43723899441827
1.43742425591945
1.43753638496555
1.43756507852987
1.43751991044389
1.43742793164230
1.43732707620882
1.43725698833748
1.43724950614047
1.43732108227393
1.43746891666331
1.43767171246280
1.43789483569770
1.43809866270620
1.43824810834130
1.43832105742083
1.43831365145662
1.43824116022347
1.43813422674791
1.43803143358268
1.43796999465591
1.43797684300083
1.43806222052933
1.43821729158151
1.43841631838197
1.43862286959405
1.43879859075989
1.43891242617732
1.43894808870296
1.43890794835347
1.43881241345495
1.43869495866713
1.43859402151788
1.43854375582626
1.43856585912165
1.43866441259925
1.43882495533124
1.43901798818234
1.43920607276227
1.43935283688649
1.43943173128539
1.43943241287780
1.43936321886389
1.43924911169730
1.43912562827622
1.43903029985483
1.43899363541244
1.43903182481408
1.43914289529176
1.43930721112204
1.43949220959517
1.43966022233222
1.43977754341548
1.43982254691623
1.43979089540174
1.43969657178170
1.43956847609726
1.43944343965162
1.43935734871371
1.43933652956377
1.43939145719326
1.43951426137145
1.43968063355038
1.43985566191176
1.44000222126419
1.44008991426514
1.44010240304507
1.44004134799698
1.43992600611922
1.43978856374334
1.43966637215521
1.43959295906548
1.43958998107824
1.43966204588493
1.43979561466421
1.43996224607024
1.44012542175906
1.44024932291392
1.44030746455645
1.44028909864519
1.44020181279439
1.44006970490478
1.43992756112284
1.43981247493284
1.43975492685297
1.43977147052654
1.43986076490336
1.44000388775973
1.44016885998661
1.44031831812333
1.44041850125885
1.44044740335050
1.44040010350663
1.44028997431421
1.44014546112388
1.44000322739702
1.43989932471003
1.43986053260418
1.43989791942846
1.44000418228863
1.44015537216862
1.44031661759452
1.44045049317284
1.44052603762822
1.44052623921557
1.44045217719413
1.44032278696691
1.44017031058953
1.44003252780214
1.43994366725616
1.43992618106098
1.43998533091811
1.44010791928218
1.44026538940281
1.44042068073679
1.44053711372437
1.44058723952460
1.44055951464312
1.44046110911684
1.44031623160318
1.44016029789505
1.44003140731134
1.43996118752957
1.43996717545768
1.44004857907453
1.44018643120975
1.44034809057957
1.44049503966750
1.44059216931263
1.44061625714250
1.44056161939767
1.44044154883682
1.44028514063090
1.44013029653411
1.44001461641203
1.43996634019359
1.43999755480287
1.44010123118851
1.44025286538973
1.44041629714438
1.44055237137484
1.44062837975684
1.44062598524746
1.44054573223215
1.44040695222670
1.44024315611949
1.44009399251715
1.43999568701717
1.43997234255139
1.44003009065403
1.44015557214992
1.44031906338269
1.44048154567895
1.44060407635832
1.44065720203723
1.44062811975644
1.44052383937830
1.44036958254777
1.44020272489939
1.44006382787363
1.43998687611659
1.43999106810440
1.44007617293492
1.44022247867847
1.44039544791528
1.44055395909740
1.44066018879625
1.44068878593240
1.44063305625342
1.44050668366212
1.44034049691591
1.44017509154988
1.44005106014899
1.43999921362599
1.44003315153303
1.44014590360725
1.44031149877739
1.44049111128247
1.44064234614367
1.44072945359620
1.44073202318993
1.44065000923784
1.44050385488912
1.44032962524307
1.44017036818554
1.44006575136235
1.44004251311562
1.44010795649996
1.44024809721172
1.44043090045320
1.44061388349227
1.44075429682492
1.44081944790797
1.44079470668962
1.44068713792925
1.44052392714250
1.44034587719886
1.44019763316846
1.44011693692399
1.44012549714958
1.44022369887869
1.44039036002399
1.44058770020927
1.44077033272687
1.44089615066851
1.44093656202595
1.44088351348692
1.44075156091706
1.44057448048587
1.44039719927326
1.44026499821448
1.44021261296189
1.44025579924642
1.44038745073500
1.44057912119819
1.44078773705498
1.44096586447335
1.44107314708133
1.44108615133130
1.44100414877430
1.44084946990468
1.44066221225217
1.44049066147583
1.44037966811222
1.44035983753920
1.44044005822009
1.44060523321717
1.44081971377987
1.44103571830492
1.44120478608098
1.44128948621091
1.44127259926281
1.44116144171173
1.44098626606170
1.44079307333937
1.44063259877381
1.44054808021718
1.44056482863758
1.44068398453649
1.44088206787959
1.44111641665919
1.44133531038051
1.44149039319151
1.44154841401642
1.44149944844156
1.44135946828028
1.44116666960722
1.44097237108612
1.44082868556854
1.44077598186031
1.44083305392015
1.44099246620828
1.44122207840485
1.44147259148145
1.44168926069272
1.44182511324067
1.44185240943197
1.44176955946504
1.44160172219842
1.44139489413054
1.44120493022122
1.44108412152058
1.44106855628158
1.44116932526585
1.44136962695373
1.44162854716276
1.44189069003229
1.44209940318593
1.44221051488959
1.44220318083222
1.44208515972848
1.44189117773969
1.44167470725890
1.44149517101879
1.44140363808228
1.44143046956721
1.44157782189912
1.44181886602896
1.44210394978766
1.44237233421580
1.44256677580088
1.44264745557255
1.44260184561611
