1e+06,1.6755e-05,3351.1
2e+06,3.3511e-05,3351.1
3e+06,5.0271e-05,3351.2
4e+06,6.7034e-05,3351.4
5e+06,8.3802e-05,3351.6
6e+06,0.00010057,3351.8
7e+06,0.00011736,3352.1
8e+06,0.00013415,3352.4
9e+06,0.00015095,3352.7
1e+07,0.00016776,3353.1
1.1e+07,0.00018458,3353.6
1.2e+07,0.00020142,3354.1
1.3e+07,0.00021828,3354.6
1.4e+07,0.00023515,3355.1
1.5e+07,0.00025203,3355.8
1.6e+07,0.00026894,3356.4
1.7e+07,0.00028587,3357.1
1.8e+07,0.00030282,3357.8
1.9e+07,0.00031978,3358.6
2e+07,0.00033679,3359.4
2.1e+07,0.00035381,3360.3
2.2e+07,0.00037085,3361.2
2.3e+07,0.00038793,3362.1
2.4e+07,0.00040504,3363.1
2.5e+07,0.00042217,3364.2
2.6e+07,0.00043933,3365.2
2.7e+07,0.00045655,3366.4
2.8e+07,0.00047378,3367.5
2.9e+07,0.00049104,3368.7
3e+07,0.00050836,3370
3.1e+07,0.00052571,3371.3
3.2e+07,0.00054309,3372.6
3.3e+07,0.00056052,3374
3.4e+07,0.000578,3375.4
3.5e+07,0.00059552,3376.9
3.6e+07,0.00061307,3378.4
3.7e+07,0.00063069,3380
3.8e+07,0.00064835,3381.6
3.9e+07,0.00066605,3383.2
4e+07,0.00068381,3384.9
4.1e+07,0.00070163,3386.6
4.2e+07,0.0007195,3388.4
4.3e+07,0.00073741,3390.2
4.4e+07,0.0007554,3392.1
4.5e+07,0.00077344,3394
4.6e+07,0.00079153,3395.9
4.7e+07,0.00080969,3397.9
4.8e+07,0.00082793,3400
4.9e+07,0.00084621,3402.1
5e+07,0.00086456,3404.2
5.1e+07,0.00088299,3406.4
5.2e+07,0.00090149,3408.6
5.3e+07,0.00092004,3410.9
5.4e+07,0.00093867,3413.2
5.5e+07,0.0009574,3415.6
5.6e+07,0.00097618,3418
5.7e+07,0.00099504,3420.5
5.8e+07,0.001014,3423
5.9e+07,0.001033,3425.6
6e+07,0.0010521,3428.2
6.1e+07,0.0010713,3430.8
6.2e+07,0.0010906,3433.5
6.3e+07,0.00111,3436.3
6.4e+07,0.0011294,3439.1
6.5e+07,0.001149,3441.9
6.6e+07,0.0011686,3444.8
6.7e+07,0.0011883,3447.8
6.8e+07,0.0012082,3450.8
6.9e+07,0.0012281,3453.8
7e+07,0.0012481,3456.9
7.1e+07,0.0012683,3460
7.2e+07,0.0012885,3463.2
7.3e+07,0.0013089,3466.5
7.4e+07,0.0013293,3469.8
7.5e+07,0.0013499,3473.1
7.6e+07,0.0013706,3476.5
7.7e+07,0.0013914,3480
7.8e+07,0.0014123,3483.5
7.9e+07,0.0014333,3487.1
8e+07,0.0014544,3490.7
8.1e+07,0.0014757,3494.3
8.2e+07,0.0014971,3498
8.3e+07,0.0015186,3501.8
8.4e+07,0.0015403,3505.6
8.5e+07,0.0015621,3509.5
8.6e+07,0.001584,3513.4
8.7e+07,0.0016061,3517.4
8.8e+07,0.0016283,3521.5
8.9e+07,0.0016506,3525.6
9e+07,0.0016731,3529.7
9.1e+07,0.0016957,3533.9
9.2e+07,0.0017185,3538.2
9.3e+07,0.0017414,3542.5
9.4e+07,0.0017645,3546.9
9.5e+07,0.0017877,3551.4
9.6e+07,0.0018111,3555.8
9.7e+07,0.0018347,3560.4
9.8e+07,0.0018584,3565
9.9e+07,0.0018823,3569.7
1e+08,0.0019064,3574.4
1.01e+08,0.0019305,3579.2
1.02e+08,0.0019549,3584.1
1.03e+08,0.0019795,3589
1.04e+08,0.0020043,3594
1.05e+08,0.0020292,3599
1.06e+08,0.0020543,3604.1
1.07e+08,0.0020797,3609.3
1.08e+08,0.0021052,3614.5
1.09e+08,0.0021309,3619.8
1.1e+08,0.0021568,3625.2
1.11e+08,0.002183,3630.6
1.12e+08,0.0022093,3636.1
1.13e+08,0.0022359,3641.6
1.14e+08,0.0022626,3647.3
1.15e+08,0.0022896,3652.9
1.16e+08,0.0023168,3658.7
1.17e+08,0.0023442,3664.5
1.18e+08,0.0023719,3670.4
1.19e+08,0.0023998,3676.4
1.2e+08,0.0024279,3682.4
1.21e+08,0.0024562,3688.5
1.22e+08,0.0024848,3694.7
1.23e+08,0.0025137,3701
1.24e+08,0.0025428,3707.3
1.25e+08,0.0025721,3713.7
1.26e+08,0.0026017,3720.1
1.27e+08,0.0026316,3726.7
1.28e+08,0.0026618,3733.3
1.29e+08,0.0026922,3740
1.3e+08,0.0027229,3746.8
1.31e+08,0.0027539,3753.6
1.32e+08,0.0027852,3760.5
1.33e+08,0.0028167,3767.5
1.34e+08,0.0028486,3774.6
1.35e+08,0.0028807,3781.8
1.36e+08,0.0029132,3789
1.37e+08,0.002946,3796.3
1.38e+08,0.002979,3803.7
1.39e+08,0.0030125,3811.2
1.4e+08,0.0030462,3818.8
1.41e+08,0.0030803,3826.5
1.42e+08,0.0031147,3834.2
1.43e+08,0.0031495,3842
1.44e+08,0.0031846,3850
1.45e+08,0.00322,3858
1.46e+08,0.0032559,3866.1
1.47e+08,0.0032921,3874.2
1.48e+08,0.0033286,3882.5
1.49e+08,0.0033656,3890.9
1.5e+08,0.0034029,3899.3
1.51e+08,0.0034407,3907.9
1.52e+08,0.0034788,3916.5
1.53e+08,0.0035174,3925.3
1.54e+08,0.0035563,3934.1
1.55e+08,0.0035957,3943.1
1.56e+08,0.0036355,3952.1
1.57e+08,0.0036757,3961.3
1.58e+08,0.0037164,3970.5
1.59e+08,0.0037576,3979.8
1.6e+08,0.0037992,3989.3
1.61e+08,0.0038413,3998.8
1.62e+08,0.0038838,4008.5
1.63e+08,0.0039268,4018.2
1.64e+08,0.0039704,4028.1
1.65e+08,0.0040144,4038.1
1.66e+08,0.0040589,4048.2
1.67e+08,0.004104,4058.4
1.68e+08,0.0041496,4068.7
1.69e+08,0.0041957,4079.1
1.7e+08,0.0042424,4089.7
1.71e+08,0.0042897,4100.4
1.72e+08,0.0043374,4111.1
1.73e+08,0.0043858,4122
1.74e+08,0.0044348,4133.1
1.75e+08,0.0044844,4144.2
1.76e+08,0.0045346,4155.5
1.77e+08,0.0045854,4166.9
1.78e+08,0.0046369,4178.4
1.79e+08,0.004689,4190.1
1.8e+08,0.0047417,4201.9
1.81e+08,0.0047952,4213.8
1.82e+08,0.0048493,4225.8
1.83e+08,0.0049041,4238
1.84e+08,0.0049596,4250.4
1.85e+08,0.0050159,4262.8
1.86e+08,0.0050729,4275.4
1.87e+08,0.0051306,4288.2
1.88e+08,0.0051891,4301.1
1.89e+08,0.0052485,4314.2
1.9e+08,0.0053086,4327.3
1.91e+08,0.0053695,4340.7
1.92e+08,0.0054313,4354.2
1.93e+08,0.0054938,4367.8
1.94e+08,0.0055572,4381.7
1.95e+08,0.0056216,4395.6
1.96e+08,0.0056868,4409.8
1.97e+08,0.005753,4424.1
1.98e+08,0.00582,4438.5
1.99e+08,0.0058881,4453.2
2e+08,0.0059571,4468
2.01e+08,0.0060271,4483
2.02e+08,0.0060981,4498.1
2.03e+08,0.0061702,4513.5
2.04e+08,0.0062432,4529
2.05e+08,0.0063174,4544.7
2.06e+08,0.0063927,4560.6
2.07e+08,0.0064691,4576.6
2.08e+08,0.0065466,4592.9
2.09e+08,0.0066253,4609.4
2.1e+08,0.0067053,4626
2.11e+08,0.0067864,4642.9
2.12e+08,0.0068688,4660
2.13e+08,0.0069525,4677.2
2.14e+08,0.0070375,4694.7
2.15e+08,0.0071238,4712.4
2.16e+08,0.0072114,4730.3
2.17e+08,0.0073005,4748.5
2.18e+08,0.007391,4766.8
2.19e+08,0.0074829,4785.4
2.2e+08,0.0075764,4804.3
2.21e+08,0.0076713,4823.3
2.22e+08,0.0077678,4842.6
2.23e+08,0.0078658,4862.2
2.24e+08,0.0079656,4882
2.25e+08,0.008067,4902
2.26e+08,0.00817,4922.3
2.27e+08,0.0082749,4942.9
2.28e+08,0.0083815,4963.7
2.29e+08,0.0084899,4984.7
2.3e+08,0.0086002,5006.1
2.31e+08,0.0087126,5027.8
2.32e+08,0.0088267,5049.7
2.33e+08,0.0089429,5071.9
2.34e+08,0.0090612,5094.4
2.35e+08,0.0091816,5117.2
2.36e+08,0.0093041,5140.3
2.37e+08,0.0094288,5163.7
2.38e+08,0.0095559,5187.5
2.39e+08,0.0096852,5211.5
2.4e+08,0.0098169,5235.9
2.41e+08,0.0099511,5260.6
2.42e+08,0.010088,5285.6
2.43e+08,0.010227,5311
2.44e+08,0.010369,5336.8
2.45e+08,0.010514,5362.9
2.46e+08,0.010661,5389.3
2.47e+08,0.010811,5416.2
2.48e+08,0.010964,5443.4
2.49e+08,0.01112,5471
2.5e+08,0.01128,5499
2.51e+08,0.011442,5527.4
2.52e+08,0.011608,5556.2
2.53e+08,0.011777,5585.4
2.54e+08,0.011949,5615.1
2.55e+08,0.012125,5645.2
2.56e+08,0.012305,5675.7
2.57e+08,0.012488,5706.7
2.58e+08,0.012675,5738.2
2.59e+08,0.012866,5770.1
2.6e+08,0.013061,5802.5
2.61e+08,0.013261,5835.4
2.62e+08,0.013464,5868.8
2.63e+08,0.013673,5902.7
2.64e+08,0.013885,5937.2
2.65e+08,0.014102,5972.2
2.66e+08,0.014325,6007.7
2.67e+08,0.014552,6043.8
2.68e+08,0.014784,6080.5
2.69e+08,0.015021,6117.7
2.7e+08,0.015265,6155.6
2.71e+08,0.015513,6194
2.72e+08,0.015768,6233.1
2.73e+08,0.016028,6272.9
2.74e+08,0.016295,6313.3
2.75e+08,0.016568,6354.4
2.76e+08,0.016847,6396.1
2.77e+08,0.017134,6438.6
2.78e+08,0.017427,6481.8
2.79e+08,0.017727,6525.7
2.8e+08,0.018036,6570.5
2.81e+08,0.018352,6615.9
2.82e+08,0.018675,6662.2
2.83e+08,0.019007,6709.3
2.84e+08,0.019348,6757.3
2.85e+08,0.019698,6806.1
2.86e+08,0.020057,6855.7
2.87e+08,0.020425,6906.4
2.88e+08,0.020803,6957.9
2.89e+08,0.021192,7010.4
2.9e+08,0.021591,7063.8
2.91e+08,0.022001,7118.4
2.92e+08,0.022422,7173.9
2.93e+08,0.022855,7230.4
2.94e+08,0.023301,7288.2
2.95e+08,0.023759,7347
2.96e+08,0.02423,7407
2.97e+08,0.024715,7468.1
2.98e+08,0.025215,7530.6
2.99e+08,0.025729,7594.2
3e+08,0.026259,7659.2
3.01e+08,0.026805,7725.6
3.02e+08,0.027367,7793.3
3.03e+08,0.027947,7862.4
3.04e+08,0.028545,7933
3.05e+08,0.029162,8005.2
3.06e+08,0.029799,8078.8
3.07e+08,0.030456,8154.1
3.08e+08,0.031136,8231.2
3.09e+08,0.031837,8309.9
3.1e+08,0.032561,8390.3
3.11e+08,0.03331,8472.6
3.12e+08,0.034086,8556.9
3.13e+08,0.034888,8643.1
3.14e+08,0.035717,8731.3
3.15e+08,0.036577,8821.8
3.16e+08,0.037467,8914.3
3.17e+08,0.038389,9009.1
3.18e+08,0.039345,9106.2
3.19e+08,0.040337,9205.9
3.2e+08,0.041366,9308
3.21e+08,0.042434,9412.7
3.22e+08,0.043545,9520.2
3.23e+08,0.044698,9630.5
3.24e+08,0.045896,9743.7
3.25e+08,0.047143,9859.9
3.26e+08,0.048442,9979.5
3.27e+08,0.049793,10102
3.28e+08,0.051201,10228
3.29e+08,0.05267,10358
3.3e+08,0.054201,10492
3.31e+08,0.055799,10629
3.32e+08,0.057468,10771
3.33e+08,0.059214,10917
3.34e+08,0.061038,11067
3.35e+08,0.062946,11222
3.36e+08,0.064947,11382
3.37e+08,0.067042,11547
3.38e+08,0.069238,11717
3.39e+08,0.071543,11893
3.4e+08,0.073968,12075
3.41e+08,0.076513,12263
3.42e+08,0.079192,12458
3.43e+08,0.082015,12659
3.44e+08,0.084988,12868
3.45e+08,0.088125,13084
3.46e+08,0.091437,13309
3.47e+08,0.094942,13542
3.48e+08,0.098647,13784
3.49e+08,0.10257,14035
3.5e+08,0.10673,14296
3.51e+08,0.11116,14569
3.52e+08,0.11586,14853
3.53e+08,0.12086,15148
3.54e+08,0.1262,15457
3.55e+08,0.13189,15780
3.56e+08,0.13797,16117
3.57e+08,0.14449,16470
3.58e+08,0.15148,16840
3.59e+08,0.15898,17228
3.6e+08,0.16705,17635
3.61e+08,0.17575,18064
3.62e+08,0.18515,18515
3.63e+08,0.19531,18990
3.64e+08,0.20634,19492
3.65e+08,0.21833,20023
3.66e+08,0.23139,20584
3.67e+08,0.24565,21180
3.68e+08,0.26128,21814
3.69e+08,0.27843,22488
3.7e+08,0.29733,23207
3.71e+08,0.31821,23976
3.72e+08,0.34139,24801
3.73e+08,0.36717,25685
3.74e+08,0.39598,26638
3.75e+08,0.42835,27669
3.76e+08,0.46481,28784
3.77e+08,0.50612,29996
3.78e+08,0.5532,31319
3.79e+08,0.60722,32769
3.8e+08,0.66947,34362
3.81e+08,0.7418,36123
3.82e+08,0.82661,38083
3.83e+08,0.92672,40270
3.84e+08,1.0462,42731
3.85e+08,1.1903,45520
3.86e+08,1.3665,48710
3.87e+08,1.5848,52388
3.88e+08,1.8598,56679
3.89e+08,2.2135,61755
3.9e+08,2.6781,67840
3.91e+08,3.3059,75277
3.92e+08,4.1832,84571
3.93e+08,5.4642,96533
3.94e+08,7.4353,1.1246e+05
3.95e+08,10.703,1.3476e+05
3.96e+08,16.722,1.6823e+05
3.97e+08,29.702,2.2393e+05
3.98e+08,66.714,3.3518e+05
3.99e+08,265.47,6.6777e+05
3.9901e+08,-24115,7.0888e+05
3.9902e+08,-21437,7.1874e+05
3.9903e+08,-18419,7.2855e+05
3.9904e+08,-15070,7.3829e+05
3.9905e+08,-11406,7.4791e+05
3.9906e+08,-7447.2,7.5739e+05
3.9907e+08,-3219.1,7.6669e+05
3.9908e+08,1247.8,7.7578e+05
3.9909e+08,5390.2,7.8366e+05
3.991e+08,10208,7.9229e+05
3.9911e+08,15150,8.0064e+05
3.9912e+08,20171,8.0871e+05
3.9913e+08,25222,8.1648e+05
3.9914e+08,30251,8.2396e+05
3.9915e+08,35209,8.3115e+05
3.9916e+08,40044,8.3807e+05
3.9917e+08,44705,8.4473e+05
3.9918e+08,48665,8.5045e+05
3.9919e+08,52871,8.5669e+05
3.992e+08,56772,8.6276e+05
3.9921e+08,60329,8.6869e+05
3.9922e+08,63506,8.7453e+05
3.9923e+08,66273,8.8032e+05
3.9924e+08,68601,8.861e+05
3.9925e+08,70468,8.9194e+05
3.9926e+08,71853,8.9787e+05
3.9927e+08,72741,9.0395e+05
3.9928e+08,73103,9.0952e+05
3.9929e+08,73020,9.1602e+05
3.993e+08,72411,9.2282e+05
3.9931e+08,71270,9.2997e+05
3.9932e+08,69595,9.3752e+05
3.9933e+08,67382,9.4552e+05
3.9934e+08,64630,9.5402e+05
3.9935e+08,61339,9.6308e+05
3.9936e+08,57507,9.7274e+05
3.9937e+08,53646,9.8187e+05
3.9938e+08,48791,9.9282e+05
3.9939e+08,43391,1.0045e+06
3.994e+08,37443,1.017e+06
3.9941e+08,30945,1.0304e+06
3.9942e+08,23889,1.0448e+06
3.9943e+08,16271,1.0601e+06
3.9944e+08,8081.2,1.0765e+06
3.9945e+08,-689.38,1.0941e+06
3.9946e+08,-8982.4,1.1107e+06
3.9947e+08,-18883,1.1307e+06
3.9948e+08,-29401,1.152e+06
3.9949e+08,-40555,1.1749e+06
3.995e+08,-52360,1.1994e+06
3.9951e+08,-64837,1.2256e+06
3.9952e+08,-78006,1.2538e+06
3.9953e+08,-91887,1.2839e+06
3.9954e+08,-1.065e+05,1.3163e+06
3.9955e+08,-1.2188e+05,1.3511e+06
3.9956e+08,-1.3619e+05,1.3843e+06
3.9957e+08,-1.5305e+05,1.4242e+06
3.9958e+08,-1.7072e+05,1.4673e+06
3.9959e+08,-1.8921e+05,1.5138e+06
3.996e+08,-2.0853e+05,1.564e+06
3.9961e+08,-2.2868e+05,1.6184e+06
3.9962e+08,-2.4963e+05,1.6774e+06
3.9963e+08,-2.7136e+05,1.7414e+06
3.9964e+08,-2.938e+05,1.8111e+06
3.9965e+08,-3.1427e+05,1.8783e+06
3.9966e+08,-3.3777e+05,1.9605e+06
3.9967e+08,-3.6159e+05,2.0505e+06
3.9968e+08,-3.8546e+05,2.1492e+06
3.9969e+08,-4.0904e+05,2.2578e+06
3.997e+08,-4.3183e+05,2.3774e+06
3.9971e+08,-4.5317e+05,2.5097e+06
3.9972e+08,-4.7217e+05,2.6561e+06
3.9973e+08,-4.8764e+05,2.8186e+06
3.9974e+08,-4.9715e+05,2.9783e+06
3.9975e+08,-5.012e+05,3.1773e+06
3.9976e+08,-4.9556e+05,3.3992e+06
3.9977e+08,-4.7663e+05,3.6468e+06
3.9978e+08,-4.3969e+05,3.9231e+06
3.9979e+08,-3.7852e+05,4.2309e+06
3.998e+08,-2.8511e+05,4.5725e+06
3.9981e+08,-1.492e+05,4.9493e+06
3.9982e+08,42037,5.361e+06
3.9983e+08,3.0414e+05,5.8039e+06
3.9984e+08,6.1107e+05,6.2172e+06
3.9985e+08,1.057e+06,6.6908e+06
3.9986e+08,1.6268e+06,7.1508e+06
3.9987e+08,2.3337e+06,7.564e+06
3.9988e+08,3.18e+06,7.8875e+06
3.9989e+08,4.1516e+06,8.0734e+06
3.999e+08,5.2133e+06,8.0768e+06
3.9991e+08,6.3112e+06,7.8674e+06
3.9992e+08,7.3808e+06,7.4386e+06
3.9993e+08,8.2579e+06,6.8889e+06
3.9994e+08,9.1193e+06,6.1177e+06
3.9995e+08,9.8243e+06,5.2331e+06
3.9996e+08,1.037e+07,4.2836e+06
3.9997e+08,1.0768e+07,3.307e+06
3.9998e+08,1.104e+07,2.3271e+06
3.9999e+08,1.1205e+07,1.3545e+06
4e+08,1.128e+07,3.9002e+05
4.0001e+08,1.1273e+07,-5.717e+05
4.0002e+08,1.1196e+07,-1.4298e+06
4.0003e+08,1.1023e+07,-2.4033e+06
4.0004e+08,1.0742e+07,-3.3837e+06
4.0005e+08,1.0332e+07,-4.3594e+06
4.0006e+08,9.7741e+06,-5.3055e+06
4.0007e+08,9.056e+06,-6.183e+06
4.0008e+08,8.1826e+06,-6.9429e+06
4.0009e+08,7.1811e+06,-7.5356e+06
4.001e+08,6.1008e+06,-7.923e+06
4.0011e+08,5.0048e+06,-8.0901e+06
4.0012e+08,4.0691e+06,-8.0626e+06
4.0013e+08,3.1067e+06,-7.8636e+06
4.0014e+08,2.2714e+06,-7.531e+06
4.0015e+08,1.576e+06,-7.1125e+06
4.0016e+08,1.0169e+06,-6.6502e+06
4.0017e+08,5.804e+05,-6.1768e+06
4.0018e+08,2.4812e+05,-5.7145e+06
4.0019e+08,1031.7,-5.2771e+06
4.002e+08,-1.7841e+05,-4.8721e+06
4.0021e+08,-2.9331e+05,-4.5415e+06
4.0022e+08,-3.8374e+05,-4.2028e+06
4.0023e+08,-4.4267e+05,-3.8977e+06
4.0024e+08,-4.7795e+05,-3.6239e+06
4.0025e+08,-4.9566e+05,-3.3786e+06
4.0026e+08,-5.0041e+05,-3.1587e+06
4.0027e+08,-4.9573e+05,-2.9615e+06
4.0028e+08,-4.8428e+05,-2.7845e+06
4.0029e+08,-4.6805e+05,-2.6252e+06
4.003e+08,-4.5084e+05,-2.4969e+06
4.0031e+08,-4.2939e+05,-2.3658e+06
4.0032e+08,-4.0655e+05,-2.2471e+06
4.0033e+08,-3.8296e+05,-2.1394e+06
4.0034e+08,-3.5911e+05,-2.0415e+06
4.0035e+08,-3.3534e+05,-1.9522e+06
4.0036e+08,-3.1191e+05,-1.8706e+06
4.0037e+08,-2.8899e+05,-1.7959e+06
4.0038e+08,-2.6671e+05,-1.7274e+06
4.0039e+08,-2.4516e+05,-1.6644e+06
4.004e+08,-2.2666e+05,-1.6126e+06
4.0041e+08,-2.066e+05,-1.5585e+06
4.0042e+08,-1.8738e+05,-1.5086e+06
4.0043e+08,-1.6898e+05,-1.4624e+06
4.0044e+08,-1.5141e+05,-1.4196e+06
4.0045e+08,-1.3464e+05,-1.3799e+06
4.0046e+08,-1.1867e+05,-1.343e+06
4.0047e+08,-1.0347e+05,-1.3087e+06
4.0048e+08,-89017,-1.2767e+06
4.0049e+08,-76787,-1.2501e+06
4.005e+08,-63699,-1.2222e+06
4.0051e+08,-51300,-1.1961e+06
4.0052e+08,-39571,-1.1717e+06
4.0053e+08,-28492,-1.149e+06
4.0054e+08,-18046,-1.1277e+06
4.0055e+08,-8216.6,-1.1079e+06
4.0056e+08,1010.7,-1.0893e+06
4.0057e+08,9648.6,-1.072e+06
4.0058e+08,16841,-1.0575e+06
4.0059e+08,24394,-1.0422e+06
4.006e+08,31386,-1.028e+06
4.0061e+08,37822,-1.0146e+06
4.0062e+08,43708,-1.0022e+06
4.0063e+08,49047,-9.9051e+05
4.0064e+08,53843,-9.7961e+05
4.0065e+08,58098,-9.6941e+05
4.0066e+08,61812,-9.5985e+05
4.0067e+08,64988,-9.5088e+05
4.0068e+08,67358,-9.4337e+05
4.0069e+08,69517,-9.3539e+05
4.007e+08,71141,-9.2786e+05
4.0071e+08,72231,-9.2072e+05
4.0072e+08,72792,-9.1392e+05
4.0073e+08,72829,-9.0742e+05
4.0074e+08,72350,-9.0116e+05
4.0075e+08,71365,-8.9508e+05
4.0076e+08,69888,-8.8915e+05
4.0077e+08,68174,-8.8395e+05
4.0078e+08,65815,-8.7815e+05
4.0079e+08,63022,-8.7233e+05
4.008e+08,59822,-8.6647e+05
4.0081e+08,56247,-8.6051e+05
4.0082e+08,52333,-8.544e+05
4.0083e+08,48120,-8.4813e+05
4.0084e+08,43650,-8.4164e+05
4.0085e+08,38970,-8.3492e+05
4.0086e+08,34672,-8.2873e+05
4.0087e+08,29728,-8.2151e+05
4.0088e+08,24716,-8.1399e+05
4.0089e+08,19688,-8.0619e+05
4.009e+08,14694,-7.981e+05
4.0091e+08,9782.8,-7.8972e+05
4.0092e+08,4999.7,-7.8107e+05
4.0093e+08,387.58,-7.7217e+05
4.0094e+08,-4014.8,-7.6304e+05
4.0095e+08,-8173.1,-7.5372e+05
4.0096e+08,-11641,-7.4528e+05
4.0097e+08,-15262,-7.3565e+05
4.0098e+08,-18567,-7.2592e+05
4.0099e+08,-21544,-7.1611e+05
4.01e+08,-24180,-7.0627e+05
4.02e+08,67.339,-3.3506e+05
4.03e+08,29.865,-2.2286e+05
4.04e+08,16.79,-1.669e+05
4.05e+08,10.743,-1.3333e+05
4.06e+08,7.4585,-1.1096e+05
4.07e+08,5.4771,-94969
4.08e+08,4.193,-82993
4.09e+08,3.3127,-73678
4.1e+08,2.6825,-66220
4.11e+08,2.2169,-60125
4.12e+08,1.8627,-55046
4.13e+08,1.5871,-50749
4.14e+08,1.3682,-47062
4.15e+08,1.1918,-43871
4.16e+08,1.0474,-41079
4.17e+08,0.92765,-38613
4.18e+08,0.8274,-36423
4.19e+08,0.74257,-34464
4.2e+08,0.67013,-32701
4.21e+08,0.60773,-31104
4.22e+08,0.55371,-29655
4.23e+08,0.50658,-28331
4.24e+08,0.46518,-27116
4.25e+08,0.42868,-26000
4.26e+08,0.39632,-24970
4.27e+08,0.36748,-24017
4.28e+08,0.34165,-23130
4.29e+08,0.31847,-22306
4.3e+08,0.29757,-21536
4.31e+08,0.27864,-20816
4.32e+08,0.26148,-20141
4.33e+08,0.24585,-19507
4.34e+08,0.23159,-18911
4.35e+08,0.21851,-18348
4.36e+08,0.20652,-17817
4.37e+08,0.19549,-17315
4.38e+08,0.18531,-16839
4.39e+08,0.17591,-16388
4.4e+08,0.16721,-15959
4.41e+08,0.15914,-15552
4.42e+08,0.15163,-15163
4.43e+08,0.14464,-14793
4.44e+08,0.13813,-14439
4.45e+08,0.13204,-14102
4.46e+08,0.12634,-13779
4.47e+08,0.12101,-13470
4.48e+08,0.11601,-13174
4.49e+08,0.1113,-12889
4.5e+08,0.10688,-12617
4.51e+08,0.10272,-12355
4.52e+08,0.098793,-12103
4.53e+08,0.095084,-11861
4.54e+08,0.091583,-11627
4.55e+08,0.088271,-11403
4.56e+08,0.085132,-11186
4.57e+08,0.08216,-10977
4.58e+08,0.07934,-10775
4.59e+08,0.076663,-10580
4.6e+08,0.074115,-10392
4.61e+08,0.071695,-10209
4.62e+08,0.069391,-10033
4.63e+08,0.067193,-9862.3
4.64e+08,0.0651,-9697
4.65e+08,0.063102,-9536.8
4.66e+08,0.061195,-9381.5
4.67e+08,0.059371,-9230.7
4.68e+08,0.057628,-9084.5
4.69e+08,0.055961,-8942.6
4.7e+08,0.054363,-8804.6
4.71e+08,0.052834,-8670.6
4.72e+08,0.051368,-8540.4
4.73e+08,0.049961,-8413.8
4.74e+08,0.04861,-8290.5
4.75e+08,0.047315,-8170.7
4.76e+08,0.04607,-8054
4.77e+08,0.044872,-7940.2
4.78e+08,0.043721,-7829.5
4.79e+08,0.042613,-7721.7
4.8e+08,0.041547,-7616.5
4.81e+08,0.040519,-7513.8
4.82e+08,0.039529,-7413.8
4.83e+08,0.038575,-7316.2
4.84e+08,0.037654,-7220.9
4.85e+08,0.036766,-7127.9
4.86e+08,0.035909,-7037.1
4.87e+08,0.035082,-6948.4
4.88e+08,0.034281,-6861.6
4.89e+08,0.033509,-6776.9
4.9e+08,0.032762,-6694.1
4.91e+08,0.032038,-6613
4.92e+08,0.031339,-6533.8
4.93e+08,0.030663,-6456.4
4.94e+08,0.030008,-6380.6
4.95e+08,0.029372,-6306.3
4.96e+08,0.028758,-6233.6
4.97e+08,0.028162,-6162.5
4.98e+08,0.027583,-6092.8
4.99e+08,0.027023,-6024.5
5e+08,0.02648,-5957.7
5.01e+08,0.025952,-5892.2
5.02e+08,0.02544,-5827.9
5.03e+08,0.024943,-5764.9
5.04e+08,0.02446,-5703.2
5.05e+08,0.02399,-5642.6
5.06e+08,0.023535,-5583.2
5.07e+08,0.023091,-5524.9
5.08e+08,0.022661,-5467.8
5.09e+08,0.022241,-5411.6
5.1e+08,0.021834,-5356.5
5.11e+08,0.021437,-5302.5
5.12e+08,0.021051,-5249.3
5.13e+08,0.020675,-5197.2
5.14e+08,0.020309,-5146
5.15e+08,0.019952,-5095.7
5.16e+08,0.019605,-5046.2
5.17e+08,0.019266,-4997.6
5.18e+08,0.018937,-4949.9
5.19e+08,0.018615,-4902.9
5.2e+08,0.018301,-4856.8
5.21e+08,0.017996,-4811.4
5.22e+08,0.017698,-4766.8
5.23e+08,0.017406,-4722.9
5.24e+08,0.017122,-4679.7
5.25e+08,0.016845,-4637.3
5.26e+08,0.016574,-4595.5
5.27e+08,0.01631,-4554.4
5.28e+08,0.016052,-4514
5.29e+08,0.0158,-4474.2
5.3e+08,0.015554,-4434.9
5.31e+08,0.015313,-4396.4
5.32e+08,0.015078,-4358.4
5.33e+08,0.014848,-4321
5.34e+08,0.014624,-4284.1
5.35e+08,0.014404,-4247.9
5.36e+08,0.014189,-4212.1
5.37e+08,0.013979,-4176.9
5.38e+08,0.013773,-4142.2
5.39e+08,0.013572,-4108
5.4e+08,0.013375,-4074.4
5.41e+08,0.013182,-4041.1
5.42e+08,0.012994,-4008.4
5.43e+08,0.012809,-3976.2
5.44e+08,0.012628,-3944.4
5.45e+08,0.012451,-3913
5.46e+08,0.012278,-3882.1
5.47e+08,0.012108,-3851.7
5.48e+08,0.011941,-3821.6
5.49e+08,0.011778,-3791.9
5.5e+08,0.011618,-3762.7
5.51e+08,0.011462,-3733.8
5.52e+08,0.011308,-3705.4
5.53e+08,0.011158,-3677.3
5.54e+08,0.01101,-3649.6
5.55e+08,0.010865,-3622.2
5.56e+08,0.010723,-3595.3
5.57e+08,0.010584,-3568.6
5.58e+08,0.010447,-3542.3
5.59e+08,0.010313,-3516.4
5.6e+08,0.010182,-3490.8
5.61e+08,0.010053,-3465.5
5.62e+08,0.0099258,-3440.5
5.63e+08,0.0098015,-3415.8
5.64e+08,0.0096795,-3391.5
5.65e+08,0.0095595,-3367.4
5.66e+08,0.0094419,-3343.7
5.67e+08,0.0093263,-3320.2
5.68e+08,0.0092128,-3297.1
5.69e+08,0.0091013,-3274.2
5.7e+08,0.0089918,-3251.6
5.71e+08,0.0088842,-3229.2
5.72e+08,0.0087784,-3207.1
5.73e+08,0.0086746,-3185.3
5.74e+08,0.0085725,-3163.8
5.75e+08,0.0084722,-3142.5
5.76e+08,0.0083735,-3121.4
5.77e+08,0.0082766,-3100.6
5.78e+08,0.0081813,-3080
5.79e+08,0.0080875,-3059.7
5.8e+08,0.0079954,-3039.6
5.81e+08,0.0079048,-3019.7
5.82e+08,0.0078157,-3000.1
5.83e+08,0.007728,-2980.6
5.84e+08,0.0076418,-2961.4
5.85e+08,0.007557,-2942.4
5.86e+08,0.0074735,-2923.6
5.87e+08,0.0073914,-2905
5.88e+08,0.0073107,-2886.7
5.89e+08,0.0072312,-2868.5
5.9e+08,0.0071529,-2850.5
5.91e+08,0.0070759,-2832.7
5.92e+08,0.0070001,-2815.1
5.93e+08,0.0069255,-2797.7
5.94e+08,0.006852,-2780.5
5.95e+08,0.0067797,-2763.5
5.96e+08,0.0067085,-2746.6
5.97e+08,0.0066383,-2729.9
5.98e+08,0.0065693,-2713.4
5.99e+08,0.0065013,-2697.1
6e+08,0.0064342,-2680.9
6.01e+08,0.0063683,-2664.9
6.02e+08,0.0063033,-2649.1
6.03e+08,0.0062393,-2633.4
6.04e+08,0.0061761,-2617.9
6.05e+08,0.006114,-2602.5
6.06e+08,0.0060527,-2587.3
6.07e+08,0.0059923,-2572.2
6.08e+08,0.0059328,-2557.3
6.09e+08,0.0058742,-2542.6
6.1e+08,0.0058164,-2528
6.11e+08,0.0057594,-2513.5
6.12e+08,0.0057033,-2499.2
6.13e+08,0.0056479,-2485
6.14e+08,0.0055933,-2470.9
6.15e+08,0.0055395,-2457
6.16e+08,0.0054865,-2443.2
6.17e+08,0.0054342,-2429.6
6.18e+08,0.0053825,-2416
6.19e+08,0.0053316,-2402.7
6.2e+08,0.0052815,-2389.4
6.21e+08,0.005232,-2376.3
6.22e+08,0.0051831,-2363.2
6.23e+08,0.0051349,-2350.3
6.24e+08,0.0050874,-2337.6
6.25e+08,0.0050405,-2324.9
6.26e+08,0.0049942,-2312.3
6.27e+08,0.0049486,-2299.9
6.28e+08,0.0049036,-2287.6
6.29e+08,0.0048591,-2275.4
6.3e+08,0.0048152,-2263.3
6.31e+08,0.0047719,-2251.3
6.32e+08,0.0047292,-2239.4
6.33e+08,0.004687,-2227.7
6.34e+08,0.0046454,-2216
6.35e+08,0.0046043,-2204.5
6.36e+08,0.0045637,-2193
6.37e+08,0.0045237,-2181.6
6.38e+08,0.0044841,-2170.4
6.39e+08,0.0044451,-2159.2
6.4e+08,0.0044065,-2148.1
6.41e+08,0.0043685,-2137.2
6.42e+08,0.0043309,-2126.3
6.43e+08,0.0042937,-2115.5
6.44e+08,0.0042571,-2104.8
6.45e+08,0.0042209,-2094.2
6.46e+08,0.0041851,-2083.7
6.47e+08,0.0041497,-2073.3
6.48e+08,0.0041149,-2063
6.49e+08,0.0040804,-2052.7
6.5e+08,0.0040463,-2042.6
6.51e+08,0.0040127,-2032.5
6.52e+08,0.0039794,-2022.5
6.53e+08,0.0039466,-2012.6
6.54e+08,0.0039141,-2002.8
6.55e+08,0.003882,-1993
6.56e+08,0.0038504,-1983.4
6.57e+08,0.003819,-1973.8
6.58e+08,0.0037881,-1964.3
6.59e+08,0.0037575,-1954.8
6.6e+08,0.0037272,-1945.5
6.61e+08,0.0036974,-1936.2
6.62e+08,0.0036678,-1927
6.63e+08,0.0036387,-1917.9
6.64e+08,0.0036098,-1908.8
6.65e+08,0.0035812,-1899.8
6.66e+08,0.0035531,-1890.9
6.67e+08,0.0035251,-1882
6.68e+08,0.0034976,-1873.3
6.69e+08,0.0034703,-1864.6
6.7e+08,0.0034434,-1855.9
6.71e+08,0.0034167,-1847.3
6.72e+08,0.0033904,-1838.8
6.73e+08,0.0033643,-1830.4
6.74e+08,0.0033385,-1822
6.75e+08,0.003313,-1813.7
6.76e+08,0.0032878,-1805.5
6.77e+08,0.0032629,-1797.3
6.78e+08,0.0032382,-1789.1
6.79e+08,0.0032138,-1781.1
6.8e+08,0.0031897,-1773.1
6.81e+08,0.0031658,-1765.1
6.82e+08,0.0031422,-1757.2
6.83e+08,0.0031188,-1749.4
6.84e+08,0.0030957,-1741.6
6.85e+08,0.0030729,-1733.9
6.86e+08,0.0030502,-1726.3
6.87e+08,0.0030279,-1718.7
6.88e+08,0.0030057,-1711.1
6.89e+08,0.0029838,-1703.7
6.9e+08,0.0029621,-1696.2
6.91e+08,0.0029407,-1688.8
6.92e+08,0.0029194,-1681.5
6.93e+08,0.0028984,-1674.2
6.94e+08,0.0028776,-1667
6.95e+08,0.002857,-1659.9
6.96e+08,0.0028367,-1652.7
6.97e+08,0.0028165,-1645.7
6.98e+08,0.0027965,-1638.7
6.99e+08,0.0027768,-1631.7
7e+08,0.0027572,-1624.8
7.01e+08,0.0027379,-1617.9
7.02e+08,0.0027187,-1611.1
7.03e+08,0.0026997,-1604.3
7.04e+08,0.002681,-1597.6
7.05e+08,0.0026624,-1590.9
7.06e+08,0.0026439,-1584.3
7.07e+08,0.0026257,-1577.7
7.08e+08,0.0026077,-1571.1
7.09e+08,0.0025898,-1564.7
7.1e+08,0.0025721,-1558.2
7.11e+08,0.0025546,-1551.8
7.12e+08,0.0025373,-1545.4
7.13e+08,0.0025201,-1539.1
7.14e+08,0.0025031,-1532.8
7.15e+08,0.0024862,-1526.6
7.16e+08,0.0024695,-1520.4
7.17e+08,0.002453,-1514.2
7.18e+08,0.0024366,-1508.1
7.19e+08,0.0024204,-1502.1
7.2e+08,0.0024043,-1496
7.21e+08,0.0023884,-1490
7.22e+08,0.0023727,-1484.1
7.23e+08,0.0023571,-1478.2
7.24e+08,0.0023416,-1472.3
7.25e+08,0.0023263,-1466.5
7.26e+08,0.0023111,-1460.7
7.27e+08,0.0022961,-1454.9
7.28e+08,0.0022812,-1449.2
7.29e+08,0.0022665,-1443.5
7.3e+08,0.0022519,-1437.9
7.31e+08,0.0022374,-1432.2
7.32e+08,0.002223,-1426.7
7.33e+08,0.0022088,-1421.1
7.34e+08,0.0021947,-1415.6
7.35e+08,0.0021808,-1410.1
7.36e+08,0.0021669,-1404.7
7.37e+08,0.0021532,-1399.3
7.38e+08,0.0021396,-1393.9
7.39e+08,0.0021262,-1388.6
7.4e+08,0.0021128,-1383.3
7.41e+08,0.0020996,-1378.1
7.42e+08,0.0020865,-1372.8
7.43e+08,0.0020735,-1367.6
7.44e+08,0.0020607,-1362.5
7.45e+08,0.0020479,-1357.3
7.46e+08,0.0020353,-1352.2
7.47e+08,0.0020227,-1347.1
7.48e+08,0.0020103,-1342.1
7.49e+08,0.001998,-1337.1
7.5e+08,0.0019858,-1332.1
7.51e+08,0.0019737,-1327.2
7.52e+08,0.0019617,-1322.2
7.53e+08,0.0019498,-1317.4
7.54e+08,0.001938,-1312.5
7.55e+08,0.0019263,-1307.7
7.56e+08,0.0019147,-1302.9
7.57e+08,0.0019032,-1298.1
7.58e+08,0.0018919,-1293.3
7.59e+08,0.0018806,-1288.6
7.6e+08,0.0018694,-1283.9
7.61e+08,0.0018583,-1279.3
7.62e+08,0.0018472,-1274.6
7.63e+08,0.0018363,-1270
7.64e+08,0.0018255,-1265.5
7.65e+08,0.0018148,-1260.9
7.66e+08,0.0018041,-1256.4
7.67e+08,0.0017936,-1251.9
7.68e+08,0.0017831,-1247.4
7.69e+08,0.0017727,-1243
7.7e+08,0.0017624,-1238.6
7.71e+08,0.0017522,-1234.2
7.72e+08,0.0017421,-1229.8
7.73e+08,0.0017321,-1225.5
7.74e+08,0.0017221,-1221.1
7.75e+08,0.0017122,-1216.8
7.76e+08,0.0017024,-1212.6
7.77e+08,0.0016927,-1208.3
7.78e+08,0.0016831,-1204.1
7.79e+08,0.0016735,-1199.9
7.8e+08,0.001664,-1195.7
7.81e+08,0.0016546,-1191.6
7.82e+08,0.0016453,-1187.5
7.83e+08,0.001636,-1183.4
7.84e+08,0.0016269,-1179.3
7.85e+08,0.0016177,-1175.2
7.86e+08,0.0016087,-1171.2
7.87e+08,0.0015997,-1167.2
7.88e+08,0.0015908,-1163.2
7.89e+08,0.001582,-1159.2
7.9e+08,0.0015733,-1155.3
7.91e+08,0.0015646,-1151.4
7.92e+08,0.001556,-1147.5
7.93e+08,0.0015474,-1143.6
7.94e+08,0.0015389,-1139.7
7.95e+08,0.0015305,-1135.9
7.96e+08,0.0015222,-1132.1
7.97e+08,0.0015139,-1128.3
7.98e+08,0.0015056,-1124.5
7.99e+08,0.0014975,-1120.8
8e+08,0.0014894,-1117
8.01e+08,0.0014813,-1113.3
8.02e+08,0.0014734,-1109.6
8.03e+08,0.0014655,-1105.9
8.04e+08,0.0014576,-1102.3
8.05e+08,0.0014498,-1098.7
8.06e+08,0.0014421,-1095
8.07e+08,0.0014344,-1091.4
8.08e+08,0.0014268,-1087.9
8.09e+08,0.0014192,-1084.3
8.1e+08,0.0014117,-1080.8
8.11e+08,0.0014043,-1077.3
8.12e+08,0.0013969,-1073.8
8.13e+08,0.0013895,-1070.3
8.14e+08,0.0013822,-1066.8
8.15e+08,0.001375,-1063.4
8.16e+08,0.0013678,-1059.9
8.17e+08,0.0013607,-1056.5
8.18e+08,0.0013536,-1053.1
8.19e+08,0.0013466,-1049.8
8.2e+08,0.0013397,-1046.4
8.21e+08,0.0013327,-1043.1
8.22e+08,0.0013259,-1039.7
8.23e+08,0.0013191,-1036.4
8.24e+08,0.0013123,-1033.1
8.25e+08,0.0013056,-1029.9
8.26e+08,0.0012989,-1026.6
8.27e+08,0.0012923,-1023.4
8.28e+08,0.0012857,-1020.1
8.29e+08,0.0012792,-1016.9
8.3e+08,0.0012727,-1013.8
8.31e+08,0.0012663,-1010.6
8.32e+08,0.0012599,-1007.4
8.33e+08,0.0012535,-1004.3
8.34e+08,0.0012473,-1001.2
8.35e+08,0.001241,-998.04
8.36e+08,0.0012348,-994.94
8.37e+08,0.0012286,-991.87
8.38e+08,0.0012225,-988.8
8.39e+08,0.0012164,-985.76
8.4e+08,0.0012104,-982.72
8.41e+08,0.0012044,-979.7
8.42e+08,0.0011985,-976.7
8.43e+08,0.0011925,-973.71
8.44e+08,0.0011867,-970.74
8.45e+08,0.0011809,-967.78
8.46e+08,0.0011751,-964.83
8.47e+08,0.0011693,-961.9
8.48e+08,0.0011636,-958.99
8.49e+08,0.0011579,-956.08
8.5e+08,0.0011523,-953.19
8.51e+08,0.0011467,-950.32
8.52e+08,0.0011412,-947.46
8.53e+08,0.0011357,-944.62
8.54e+08,0.0011302,-941.78
8.55e+08,0.0011247,-938.96
8.56e+08,0.0011193,-936.16
8.57e+08,0.001114,-933.37
8.58e+08,0.0011086,-930.59
8.59e+08,0.0011034,-927.82
8.6e+08,0.0010981,-925.07
8.61e+08,0.0010929,-922.33
8.62e+08,0.0010877,-919.61
8.63e+08,0.0010825,-916.9
8.64e+08,0.0010774,-914.19
8.65e+08,0.0010723,-911.51
8.66e+08,0.0010673,-908.83
8.67e+08,0.0010623,-906.17
8.68e+08,0.0010573,-903.52
8.69e+08,0.0010523,-900.89
8.7e+08,0.0010474,-898.26
8.71e+08,0.0010425,-895.65
8.72e+08,0.0010377,-893.05
8.73e+08,0.0010328,-890.46
8.74e+08,0.0010281,-887.89
8.75e+08,0.0010233,-885.32
8.76e+08,0.0010186,-882.77
8.77e+08,0.0010139,-880.23
8.78e+08,0.0010092,-877.7
8.79e+08,0.0010046,-875.18
8.8e+08,0.00099995,-872.68
8.81e+08,0.00099537,-870.18
8.82e+08,0.00099082,-867.7
8.83e+08,0.0009863,-865.23
8.84e+08,0.00098181,-862.77
8.85e+08,0.00097735,-860.32
8.86e+08,0.00097292,-857.88
8.87e+08,0.00096851,-855.45
8.88e+08,0.00096414,-853.04
8.89e+08,0.00095979,-850.63
8.9e+08,0.00095547,-848.24
8.91e+08,0.00095117,-845.86
8.92e+08,0.00094691,-843.48
8.93e+08,0.00094266,-841.12
8.94e+08,0.00093845,-838.77
8.95e+08,0.00093427,-836.43
8.96e+08,0.0009301,-834.1
8.97e+08,0.00092597,-831.78
8.98e+08,0.00092186,-829.47
8.99e+08,0.00091778,-827.17
9e+08,0.00091372,-824.88
9.01e+08,0.00090969,-822.6
9.02e+08,0.00090568,-820.33
9.03e+08,0.00090169,-818.07
9.04e+08,0.00089774,-815.82
9.05e+08,0.0008938,-813.58
9.06e+08,0.0008899,-811.35
9.07e+08,0.00088601,-809.13
9.08e+08,0.00088215,-806.92
9.09e+08,0.00087831,-804.72
9.1e+08,0.00087449,-802.53
9.11e+08,0.0008707,-800.35
9.12e+08,0.00086693,-798.18
9.13e+08,0.00086319,-796.02
9.14e+08,0.00085946,-793.86
9.15e+08,0.00085576,-791.72
9.16e+08,0.00085208,-789.58
9.17e+08,0.00084842,-787.46
9.18e+08,0.00084479,-785.34
9.19e+08,0.00084118,-783.23
9.2e+08,0.00083759,-781.14
9.21e+08,0.00083402,-779.05
9.22e+08,0.00083047,-776.97
9.23e+08,0.00082694,-774.89
9.24e+08,0.00082343,-772.83
9.25e+08,0.00081995,-770.78
9.26e+08,0.00081649,-768.73
9.27e+08,0.00081304,-766.7
9.28e+08,0.00080962,-764.67
9.29e+08,0.00080622,-762.65
9.3e+08,0.00080283,-760.64
9.31e+08,0.00079947,-758.63
9.32e+08,0.00079612,-756.64
9.33e+08,0.0007928,-754.65
9.34e+08,0.0007895,-752.67
9.35e+08,0.00078621,-750.7
9.36e+08,0.00078294,-748.74
9.37e+08,0.0007797,-746.79
9.38e+08,0.00077646,-744.84
9.39e+08,0.00077326,-742.91
9.4e+08,0.00077007,-740.98
9.41e+08,0.00076689,-739.06
9.42e+08,0.00076374,-737.14
9.43e+08,0.0007606,-735.24
9.44e+08,0.00075748,-733.34
9.45e+08,0.00075438,-731.45
9.46e+08,0.0007513,-729.57
9.47e+08,0.00074823,-727.69
9.48e+08,0.00074519,-725.83
9.49e+08,0.00074215,-723.97
9.5e+08,0.00073914,-722.12
9.51e+08,0.00073615,-720.27
9.52e+08,0.00073316,-718.43
9.53e+08,0.0007302,-716.61
9.54e+08,0.00072726,-714.78
9.55e+08,0.00072433,-712.97
9.56e+08,0.00072141,-711.16
9.57e+08,0.00071852,-709.36
9.58e+08,0.00071564,-707.57
9.59e+08,0.00071277,-705.78
9.6e+08,0.00070993,-704.01
9.61e+08,0.0007071,-702.24
9.62e+08,0.00070428,-700.47
9.63e+08,0.00070148,-698.71
9.64e+08,0.00069869,-696.96
9.65e+08,0.00069592,-695.22
9.66e+08,0.00069317,-693.48
9.67e+08,0.00069043,-691.75
9.68e+08,0.00068771,-690.03
9.69e+08,0.000685,-688.32
9.7e+08,0.0006823,-686.61
9.71e+08,0.00067962,-684.9
9.72e+08,0.00067696,-683.21
9.73e+08,0.00067431,-681.52
9.74e+08,0.00067167,-679.84
9.75e+08,0.00066905,-678.16
9.76e+08,0.00066645,-676.49
9.77e+08,0.00066385,-674.83
9.78e+08,0.00066127,-673.17
9.79e+08,0.00065871,-671.52
9.8e+08,0.00065616,-669.88
9.81e+08,0.00065362,-668.24
9.82e+08,0.0006511,-666.61
9.83e+08,0.00064859,-664.99
9.84e+08,0.00064609,-663.37
9.85e+08,0.00064361,-661.76
9.86e+08,0.00064114,-660.15
9.87e+08,0.00063868,-658.55
9.88e+08,0.00063624,-656.96
9.89e+08,0.00063381,-655.37
9.9e+08,0.00063139,-653.79
9.91e+08,0.00062898,-652.21
9.92e+08,0.00062659,-650.64
9.93e+08,0.00062421,-649.08
9.94e+08,0.00062185,-647.52
9.95e+08,0.00061949,-645.97
9.96e+08,0.00061715,-644.42
9.97e+08,0.00061482,-642.88
9.98e+08,0.0006125,-641.35
9.99e+08,0.0006102,-639.82
1e+09,0.00060791,-638.3
1.001e+09,0.00060573,-636.85
1.002e+09,0.00060346,-635.34
1.003e+09,0.0006012,-633.83
1.004e+09,0.00059896,-632.33
1.005e+09,0.00059672,-630.84
1.006e+09,0.0005945,-629.35
1.007e+09,0.00059229,-627.87
1.008e+09,0.00059009,-626.39
1.009e+09,0.0005879,-624.91
1.01e+09,0.00058572,-623.45
1.011e+09,0.00058356,-621.99
1.012e+09,0.0005814,-620.53
1.013e+09,0.00057926,-619.08
1.014e+09,0.00057713,-617.63
1.015e+09,0.000575,-616.19
1.016e+09,0.00057289,-614.76
1.017e+09,0.00057079,-613.33
1.018e+09,0.0005687,-611.91
1.019e+09,0.00056662,-610.48
1.02e+09,0.00056456,-609.07
1.021e+09,0.0005625,-607.66
1.022e+09,0.00056045,-606.26
1.023e+09,0.00055841,-604.86
1.024e+09,0.00055639,-603.47
1.025e+09,0.00055437,-602.08
1.026e+09,0.00055236,-600.69
1.027e+09,0.00055037,-599.32
1.028e+09,0.00054838,-597.94
1.029e+09,0.00054641,-596.58
1.03e+09,0.00054444,-595.21
1.031e+09,0.00054248,-593.85
1.032e+09,0.00054054,-592.5
1.033e+09,0.0005386,-591.15
1.034e+09,0.00053667,-589.81
1.035e+09,0.00053475,-588.47
1.036e+09,0.00053285,-587.13
1.037e+09,0.00053095,-585.8
1.038e+09,0.00052906,-584.48
1.039e+09,0.00052718,-583.16
1.04e+09,0.00052531,-581.84
1.041e+09,0.00052345,-580.53
1.042e+09,0.00052159,-579.22
1.043e+09,0.00051975,-577.92
1.044e+09,0.00051791,-576.62
1.045e+09,0.00051609,-575.33
1.046e+09,0.00051427,-574.05
1.047e+09,0.00051247,-572.76
1.048e+09,0.00051067,-571.48
1.049e+09,0.00050888,-570.21
1.05e+09,0.0005071,-568.94
1.051e+09,0.00050532,-567.67
1.052e+09,0.00050356,-566.41
1.053e+09,0.0005018,-565.16
1.054e+09,0.00050006,-563.9
1.055e+09,0.00049832,-562.65
1.056e+09,0.00049659,-561.41
1.057e+09,0.00049487,-560.17
1.058e+09,0.00049315,-558.94
1.059e+09,0.00049145,-557.71
1.06e+09,0.00048975,-556.48
1.061e+09,0.00048806,-555.26
1.062e+09,0.00048638,-554.04
1.063e+09,0.00048471,-552.83
1.064e+09,0.00048304,-551.62
1.065e+09,0.00048139,-550.41
1.066e+09,0.00047974,-549.21
1.067e+09,0.0004781,-548.01
1.068e+09,0.00047646,-546.82
1.069e+09,0.00047484,-545.63
1.07e+09,0.00047322,-544.44
1.071e+09,0.00047161,-543.26
1.072e+09,0.00047,-542.09
1.073e+09,0.00046841,-540.91
1.074e+09,0.00046682,-539.74
1.075e+09,0.00046524,-538.58
1.076e+09,0.00046367,-537.42
1.077e+09,0.0004621,-536.26
1.078e+09,0.00046055,-535.11
1.079e+09,0.00045899,-533.96
1.08e+09,0.00045745,-532.81
1.081e+09,0.00045591,-531.67
1.082e+09,0.00045438,-530.53
1.083e+09,0.00045286,-529.4
1.084e+09,0.00045135,-528.27
1.085e+09,0.00044984,-527.14
1.086e+09,0.00044834,-526.02
1.087e+09,0.00044684,-524.9
1.088e+09,0.00044536,-523.78
1.089e+09,0.00044388,-522.67
1.09e+09,0.0004424,-521.57
1.091e+09,0.00044093,-520.46
1.092e+09,0.00043947,-519.36
1.093e+09,0.00043802,-518.26
1.094e+09,0.00043657,-517.17
1.095e+09,0.00043513,-516.08
1.096e+09,0.0004337,-515
1.097e+09,0.00043227,-513.91
1.098e+09,0.00043085,-512.83
1.099e+09,0.00042944,-511.76
1.1e+09,0.00042803,-510.69
1.101e+09,0.00042663,-509.62
1.102e+09,0.00042523,-508.55
1.103e+09,0.00042384,-507.49
1.104e+09,0.00042246,-506.43
1.105e+09,0.00042108,-505.38
1.106e+09,0.00041972,-504.33
1.107e+09,0.00041835,-503.28
1.108e+09,0.00041699,-502.24
1.109e+09,0.00041564,-501.2
1.11e+09,0.0004143,-500.16
1.111e+09,0.00041296,-499.12
1.112e+09,0.00041162,-498.09
1.113e+09,0.0004103,-497.07
1.114e+09,0.00040897,-496.04
1.115e+09,0.00040766,-495.02
1.116e+09,0.00040635,-494
1.117e+09,0.00040504,-492.99
1.118e+09,0.00040374,-491.98
1.119e+09,0.00040245,-490.97
1.12e+09,0.00040117,-489.97
1.121e+09,0.00039988,-488.96
1.122e+09,0.00039861,-487.97
1.123e+09,0.00039734,-486.97
1.124e+09,0.00039607,-485.98
1.125e+09,0.00039481,-484.99
1.126e+09,0.00039356,-484.01
1.127e+09,0.00039231,-483.02
1.128e+09,0.00039107,-482.04
1.129e+09,0.00038983,-481.07
1.13e+09,0.0003886,-480.1
1.131e+09,0.00038738,-479.13
1.132e+09,0.00038616,-478.16
1.133e+09,0.00038494,-477.19
1.134e+09,0.00038373,-476.23
1.135e+09,0.00038252,-475.28
1.136e+09,0.00038133,-474.32
1.137e+09,0.00038013,-473.37
1.138e+09,0.00037894,-472.42
1.139e+09,0.00037776,-471.47
1.14e+09,0.00037658,-470.53
1.141e+09,0.0003754,-469.59
1.142e+09,0.00037423,-468.65
1.143e+09,0.00037307,-467.72
1.144e+09,0.00037191,-466.79
1.145e+09,0.00037076,-465.86
1.146e+09,0.00036961,-464.94
1.147e+09,0.00036847,-464.01
1.148e+09,0.00036733,-463.09
1.149e+09,0.00036619,-462.18
1.15e+09,0.00036506,-461.26
1.151e+09,0.00036394,-460.35
1.152e+09,0.00036282,-459.44
1.153e+09,0.0003617,-458.54
1.154e+09,0.00036059,-457.63
1.155e+09,0.00035949,-456.73
1.156e+09,0.00035839,-455.84
1.157e+09,0.00035729,-454.94
1.158e+09,0.0003562,-454.05
1.159e+09,0.00035511,-453.16
1.16e+09,0.00035403,-452.27
1.161e+09,0.00035295,-451.39
1.162e+09,0.00035187,-450.51
1.163e+09,0.00035081,-449.63
1.164e+09,0.00034974,-448.76
1.165e+09,0.00034868,-447.88
1.166e+09,0.00034763,-447.01
1.167e+09,0.00034657,-446.14
1.168e+09,0.00034553,-445.28
1.169e+09,0.00034448,-444.42
1.17e+09,0.00034345,-443.56
1.171e+09,0.00034241,-442.7
1.172e+09,0.00034138,-441.85
1.173e+09,0.00034036,-440.99
1.174e+09,0.00033934,-440.14
1.175e+09,0.00033832,-439.3
1.176e+09,0.00033731,-438.45
1.177e+09,0.0003363,-437.61
1.178e+09,0.00033529,-436.77
1.179e+09,0.00033429,-435.93
1.18e+09,0.0003333,-435.1
1.181e+09,0.0003323,-434.27
1.182e+09,0.00033132,-433.44
1.183e+09,0.00033033,-432.61
1.184e+09,0.00032935,-431.79
1.185e+09,0.00032838,-430.96
1.186e+09,0.00032741,-430.14
1.187e+09,0.00032644,-429.33
1.188e+09,0.00032547,-428.51
1.189e+09,0.00032451,-427.7
1.19e+09,0.00032356,-426.89
1.191e+09,0.0003226,-426.08
1.192e+09,0.00032166,-425.28
1.193e+09,0.00032071,-424.47
1.194e+09,0.00031977,-423.67
1.195e+09,0.00031883,-422.87
1.196e+09,0.0003179,-422.08
1.197e+09,0.00031697,-421.28
1.198e+09,0.00031605,-420.49
1.199e+09,0.00031512,-419.7
1.2e+09,0.0003142,-418.92
1.201e+09,0.00031329,-418.13
1.202e+09,0.00031238,-417.35
1.203e+09,0.00031147,-416.57
1.204e+09,0.00031057,-415.79
1.205e+09,0.00030967,-415.02
1.206e+09,0.00030877,-414.25
1.207e+09,0.00030788,-413.47
1.208e+09,0.00030699,-412.71
1.209e+09,0.0003061,-411.94
1.21e+09,0.00030522,-411.18
1.211e+09,0.00030434,-410.41
1.212e+09,0.00030347,-409.65
1.213e+09,0.00030259,-408.9
1.214e+09,0.00030173,-408.14
1.215e+09,0.00030086,-407.39
1.216e+09,0.0003,-406.64
1.217e+09,0.00029914,-405.89
1.218e+09,0.00029829,-405.14
1.219e+09,0.00029744,-404.4
1.22e+09,0.00029659,-403.65
1.221e+09,0.00029574,-402.91
1.222e+09,0.0002949,-402.18
1.223e+09,0.00029406,-401.44
1.224e+09,0.00029323,-400.7
1.225e+09,0.0002924,-399.97
1.226e+09,0.00029157,-399.24
1.227e+09,0.00029074,-398.51
1.228e+09,0.00028992,-397.79
1.229e+09,0.0002891,-397.07
1.23e+09,0.00028829,-396.34
1.231e+09,0.00028747,-395.62
1.232e+09,0.00028666,-394.91
1.233e+09,0.00028586,-394.19
1.234e+09,0.00028505,-393.48
1.235e+09,0.00028425,-392.77
1.236e+09,0.00028346,-392.06
1.237e+09,0.00028266,-391.35
1.238e+09,0.00028187,-390.64
1.239e+09,0.00028109,-389.94
1.24e+09,0.0002803,-389.24
1.241e+09,0.00027952,-388.54
1.242e+09,0.00027874,-387.84
1.243e+09,0.00027796,-387.14
1.244e+09,0.00027719,-386.45
1.245e+09,0.00027642,-385.76
1.246e+09,0.00027566,-385.07
1.247e+09,0.00027489,-384.38
1.248e+09,0.00027413,-383.69
1.249e+09,0.00027337,-383.01
1.25e+09,0.00027262,-382.33
1.251e+09,0.00027186,-381.65
1.252e+09,0.00027111,-380.97
1.253e+09,0.00027037,-380.29
1.254e+09,0.00026962,-379.62
1.255e+09,0.00026888,-378.94
1.256e+09,0.00026814,-378.27
1.257e+09,0.00026741,-377.6
1.258e+09,0.00026668,-376.93
1.259e+09,0.00026595,-376.27
1.26e+09,0.00026522,-375.6
1.261e+09,0.00026449,-374.94
1.262e+09,0.00026377,-374.28
1.263e+09,0.00026305,-373.62
1.264e+09,0.00026234,-372.97
1.265e+09,0.00026162,-372.31
1.266e+09,0.00026091,-371.66
1.267e+09,0.0002602,-371.01
1.268e+09,0.0002595,-370.36
1.269e+09,0.00025879,-369.71
1.27e+09,0.00025809,-369.06
1.271e+09,0.0002574,-368.42
1.272e+09,0.0002567,-367.78
1.273e+09,0.00025601,-367.13
1.274e+09,0.00025532,-366.5
1.275e+09,0.00025463,-365.86
1.276e+09,0.00025395,-365.22
1.277e+09,0.00025326,-364.59
1.278e+09,0.00025258,-363.96
1.279e+09,0.00025191,-363.33
1.28e+09,0.00025123,-362.7
1.281e+09,0.00025056,-362.07
1.282e+09,0.00024989,-361.44
1.283e+09,0.00024922,-360.82
1.284e+09,0.00024855,-360.2
1.285e+09,0.00024789,-359.58
1.286e+09,0.00024723,-358.96
1.287e+09,0.00024657,-358.34
1.288e+09,0.00024592,-357.73
1.289e+09,0.00024527,-357.11
1.29e+09,0.00024461,-356.5
1.291e+09,0.00024397,-355.89
1.292e+09,0.00024332,-355.28
1.293e+09,0.00024268,-354.67
1.294e+09,0.00024203,-354.07
1.295e+09,0.0002414,-353.46
1.296e+09,0.00024076,-352.86
1.297e+09,0.00024012,-352.26
1.298e+09,0.00023949,-351.66
1.299e+09,0.00023886,-351.06
1.3e+09,0.00023824,-350.46
1.301e+09,0.00023761,-349.87
1.302e+09,0.00023699,-349.28
1.303e+09,0.00023637,-348.68
1.304e+09,0.00023575,-348.09
1.305e+09,0.00023513,-347.51
1.306e+09,0.00023452,-346.92
1.307e+09,0.0002339,-346.33
1.308e+09,0.00023329,-345.75
1.309e+09,0.00023269,-345.17
1.31e+09,0.00023208,-344.59
1.311e+09,0.00023148,-344.01
1.312e+09,0.00023088,-343.43
1.313e+09,0.00023028,-342.85
1.314e+09,0.00022968,-342.28
1.315e+09,0.00022909,-341.7
1.316e+09,0.00022849,-341.13
1.317e+09,0.0002279,-340.56
1.318e+09,0.00022731,-339.99
1.319e+09,0.00022673,-339.42
1.32e+09,0.00022614,-338.86
1.321e+09,0.00022556,-338.29
1.322e+09,0.00022498,-337.73
1.323e+09,0.0002244,-337.17
1.324e+09,0.00022383,-336.61
1.325e+09,0.00022325,-336.05
1.326e+09,0.00022268,-335.49
1.327e+09,0.00022211,-334.94
1.328e+09,0.00022154,-334.38
1.329e+09,0.00022098,-333.83
1.33e+09,0.00022041,-333.28
1.331e+09,0.00021985,-332.73
1.332e+09,0.00021929,-332.18
1.333e+09,0.00021873,-331.63
1.334e+09,0.00021818,-331.08
1.335e+09,0.00021762,-330.54
1.336e+09,0.00021707,-330
1.337e+09,0.00021652,-329.45
1.338e+09,0.00021597,-328.91
1.339e+09,0.00021542,-328.37
1.34e+09,0.00021488,-327.84
1.341e+09,0.00021434,-327.3
1.342e+09,0.0002138,-326.76
1.343e+09,0.00021326,-326.23
1.344e+09,0.00021272,-325.7
1.345e+09,0.00021218,-325.17
1.346e+09,0.00021165,-324.64
1.347e+09,0.00021112,-324.11
1.348e+09,0.00021059,-323.58
1.349e+09,0.00021006,-323.06
1.35e+09,0.00020953,-322.53
1.351e+09,0.00020901,-322.01
1.352e+09,0.00020849,-321.49
1.353e+09,0.00020797,-320.97
1.354e+09,0.00020745,-320.45
1.355e+09,0.00020693,-319.93
1.356e+09,0.00020641,-319.41
1.357e+09,0.0002059,-318.9
1.358e+09,0.00020539,-318.38
1.359e+09,0.00020488,-317.87
1.36e+09,0.00020437,-317.36
1.361e+09,0.00020386,-316.85
1.362e+09,0.00020336,-316.34
1.363e+09,0.00020285,-315.83
1.364e+09,0.00020235,-315.32
1.365e+09,0.00020185,-314.82
1.366e+09,0.00020135,-314.32
1.367e+09,0.00020086,-313.81
1.368e+09,0.00020036,-313.31
1.369e+09,0.00019987,-312.81
1.37e+09,0.00019938,-312.31
1.371e+09,0.00019889,-311.81
1.372e+09,0.0001984,-311.32
1.373e+09,0.00019791,-310.82
1.374e+09,0.00019743,-310.33
1.375e+09,0.00019694,-309.83
1.376e+09,0.00019646,-309.34
1.377e+09,0.00019598,-308.85
1.378e+09,0.0001955,-308.36
1.379e+09,0.00019502,-307.87
1.38e+09,0.00019455,-307.39
1.381e+09,0.00019407,-306.9
1.382e+09,0.0001936,-306.42
1.383e+09,0.00019313,-305.93
1.384e+09,0.00019266,-305.45
1.385e+09,0.00019219,-304.97
1.386e+09,0.00019173,-304.49
1.387e+09,0.00019126,-304.01
1.388e+09,0.0001908,-303.53
1.389e+09,0.00019034,-303.06
1.39e+09,0.00018988,-302.58
1.391e+09,0.00018942,-302.11
1.392e+09,0.00018896,-301.64
1.393e+09,0.00018851,-301.16
1.394e+09,0.00018806,-300.69
1.395e+09,0.0001876,-300.22
1.396e+09,0.00018715,-299.75
1.397e+09,0.0001867,-299.29
1.398e+09,0.00018625,-298.82
1.399e+09,0.00018581,-298.36
1.4e+09,0.00018536,-297.89
1.401e+09,0.00018492,-297.43
1.402e+09,0.00018448,-296.97
1.403e+09,0.00018404,-296.51
1.404e+09,0.0001836,-296.05
1.405e+09,0.00018316,-295.59
1.406e+09,0.00018272,-295.13
1.407e+09,0.00018229,-294.68
1.408e+09,0.00018185,-294.22
1.409e+09,0.00018142,-293.77
1.41e+09,0.00018099,-293.31
1.411e+09,0.00018056,-292.86
1.412e+09,0.00018013,-292.41
1.413e+09,0.00017971,-291.96
1.414e+09,0.00017928,-291.51
1.415e+09,0.00017886,-291.06
1.416e+09,0.00017844,-290.62
1.417e+09,0.00017802,-290.17
1.418e+09,0.0001776,-289.73
1.419e+09,0.00017718,-289.28
1.42e+09,0.00017676,-288.84
1.421e+09,0.00017634,-288.4
1.422e+09,0.00017593,-287.96
1.423e+09,0.00017552,-287.52
1.424e+09,0.00017511,-287.08
1.425e+09,0.00017469,-286.65
1.426e+09,0.00017429,-286.21
1.427e+09,0.00017388,-285.77
1.428e+09,0.00017347,-285.34
1.429e+09,0.00017307,-284.91
1.43e+09,0.00017266,-284.47
1.431e+09,0.00017226,-284.04
1.432e+09,0.00017186,-283.61
1.433e+09,0.00017146,-283.18
1.434e+09,0.00017106,-282.76
1.435e+09,0.00017066,-282.33
1.436e+09,0.00017027,-281.9
1.437e+09,0.00016987,-281.48
1.438e+09,0.00016948,-281.05
1.439e+09,0.00016908,-280.63
1.44e+09,0.00016869,-280.21
1.441e+09,0.0001683,-279.79
1.442e+09,0.00016791,-279.37
1.443e+09,0.00016753,-278.95
1.444e+09,0.00016714,-278.53
1.445e+09,0.00016676,-278.11
1.446e+09,0.00016637,-277.69
1.447e+09,0.00016599,-277.28
1.448e+09,0.00016561,-276.86
1.449e+09,0.00016523,-276.45
1.45e+09,0.00016485,-276.04
1.451e+09,0.00016447,-275.63
1.452e+09,0.00016409,-275.22
1.453e+09,0.00016372,-274.81
1.454e+09,0.00016334,-274.4
1.455e+09,0.00016297,-273.99
1.456e+09,0.0001626,-273.58
1.457e+09,0.00016223,-273.18
1.458e+09,0.00016186,-272.77
1.459e+09,0.00016149,-272.37
1.46e+09,0.00016112,-271.96
1.461e+09,0.00016075,-271.56
1.462e+09,0.00016039,-271.16
1.463e+09,0.00016003,-270.76
1.464e+09,0.00015966,-270.36
1.465e+09,0.0001593,-269.96
1.466e+09,0.00015894,-269.56
1.467e+09,0.00015858,-269.17
1.468e+09,0.00015822,-268.77
1.469e+09,0.00015786,-268.38
1.47e+09,0.00015751,-267.98
1.471e+09,0.00015715,-267.59
1.472e+09,0.0001568,-267.2
1.473e+09,0.00015645,-266.8
1.474e+09,0.00015609,-266.41
1.475e+09,0.00015574,-266.02
1.476e+09,0.00015539,-265.63
1.477e+09,0.00015504,-265.25
1.478e+09,0.0001547,-264.86
1.479e+09,0.00015435,-264.47
1.48e+09,0.000154,-264.09
1.481e+09,0.00015366,-263.7
1.482e+09,0.00015332,-263.32
1.483e+09,0.00015298,-262.94
1.484e+09,0.00015263,-262.55
1.485e+09,0.00015229,-262.17
1.486e+09,0.00015195,-261.79
1.487e+09,0.00015162,-261.41
1.488e+09,0.00015128,-261.03
1.489e+09,0.00015094,-260.66
1.49e+09,0.00015061,-260.28
1.491e+09,0.00015027,-259.9
1.492e+09,0.00014994,-259.53
1.493e+09,0.00014961,-259.15
1.494e+09,0.00014928,-258.78
1.495e+09,0.00014895,-258.41
1.496e+09,0.00014862,-258.04
1.497e+09,0.00014829,-257.67
1.498e+09,0.00014796,-257.29
1.499e+09,0.00014764,-256.93
1.5e+09,0.00014731,-256.56
1.501e+09,0.00014699,-256.19
1.502e+09,0.00014666,-255.82
1.503e+09,0.00014634,-255.46
1.504e+09,0.00014602,-255.09
1.505e+09,0.0001457,-254.73
1.506e+09,0.00014538,-254.36
1.507e+09,0.00014506,-254
1.508e+09,0.00014474,-253.64
1.509e+09,0.00014443,-253.27
1.51e+09,0.00014411,-252.91
1.511e+09,0.0001438,-252.55
1.512e+09,0.00014348,-252.19
1.513e+09,0.00014317,-251.84
1.514e+09,0.00014286,-251.48
1.515e+09,0.00014255,-251.12
1.516e+09,0.00014224,-250.77
1.517e+09,0.00014193,-250.41
1.518e+09,0.00014162,-250.06
1.519e+09,0.00014131,-249.7
1.52e+09,0.00014101,-249.35
1.521e+09,0.0001407,-249
1.522e+09,0.0001404,-248.65
1.523e+09,0.00014009,-248.3
1.524e+09,0.00013979,-247.95
1.525e+09,0.00013949,-247.6
1.526e+09,0.00013919,-247.25
1.527e+09,0.00013889,-246.9
1.528e+09,0.00013859,-246.55
1.529e+09,0.00013829,-246.21
1.53e+09,0.00013799,-245.86
1.531e+09,0.0001377,-245.52
1.532e+09,0.0001374,-245.17
1.533e+09,0.0001371,-244.83
1.534e+09,0.00013681,-244.49
1.535e+09,0.00013652,-244.15
1.536e+09,0.00013623,-243.81
1.537e+09,0.00013593,-243.47
1.538e+09,0.00013564,-243.13
1.539e+09,0.00013535,-242.79
1.54e+09,0.00013506,-242.45
1.541e+09,0.00013478,-242.11
1.542e+09,0.00013449,-241.78
1.543e+09,0.0001342,-241.44
1.544e+09,0.00013392,-241.1
1.545e+09,0.00013363,-240.77
1.546e+09,0.00013335,-240.44
1.547e+09,0.00013307,-240.1
1.548e+09,0.00013278,-239.77
1.549e+09,0.0001325,-239.44
1.55e+09,0.00013222,-239.11
1.551e+09,0.00013194,-238.78
1.552e+09,0.00013166,-238.45
1.553e+09,0.00013138,-238.12
1.554e+09,0.00013111,-237.79
1.555e+09,0.00013083,-237.46
1.556e+09,0.00013055,-237.14
1.557e+09,0.00013028,-236.81
1.558e+09,0.00013,-236.49
1.559e+09,0.00012973,-236.16
1.56e+09,0.00012946,-235.84
1.561e+09,0.00012919,-235.51
1.562e+09,0.00012892,-235.19
1.563e+09,0.00012864,-234.87
1.564e+09,0.00012838,-234.55
1.565e+09,0.00012811,-234.23
1.566e+09,0.00012784,-233.91
1.567e+09,0.00012757,-233.59
1.568e+09,0.0001273,-233.27
1.569e+09,0.00012704,-232.95
1.57e+09,0.00012677,-232.64
1.571e+09,0.00012651,-232.32
1.572e+09,0.00012625,-232
1.573e+09,0.00012598,-231.69
1.574e+09,0.00012572,-231.37
1.575e+09,0.00012546,-231.06
1.576e+09,0.0001252,-230.75
1.577e+09,0.00012494,-230.43
1.578e+09,0.00012468,-230.12
1.579e+09,0.00012442,-229.81
1.58e+09,0.00012416,-229.5
1.581e+09,0.00012391,-229.19
1.582e+09,0.00012365,-228.88
1.583e+09,0.0001234,-228.57
1.584e+09,0.00012314,-228.26
1.585e+09,0.00012289,-227.95
1.586e+09,0.00012263,-227.65
1.587e+09,0.00012238,-227.34
1.588e+09,0.00012213,-227.04
1.589e+09,0.00012188,-226.73
1.59e+09,0.00012163,-226.43
1.591e+09,0.00012138,-226.12
1.592e+09,0.00012113,-225.82
1.593e+09,0.00012088,-225.52
1.594e+09,0.00012063,-225.22
1.595e+09,0.00012038,-224.91
1.596e+09,0.00012014,-224.61
1.597e+09,0.00011989,-224.31
1.598e+09,0.00011965,-224.01
1.599e+09,0.0001194,-223.72
1.6e+09,0.00011916,-223.42
1.601e+09,0.00011892,-223.12
1.602e+09,0.00011867,-222.82
1.603e+09,0.00011843,-222.53
1.604e+09,0.00011819,-222.23
1.605e+09,0.00011795,-221.93
1.606e+09,0.00011771,-221.64
1.607e+09,0.00011747,-221.35
1.608e+09,0.00011723,-221.05
1.609e+09,0.000117,-220.76
1.61e+09,0.00011676,-220.47
1.611e+09,0.00011652,-220.18
1.612e+09,0.00011629,-219.89
1.613e+09,0.00011605,-219.6
1.614e+09,0.00011582,-219.3
1.615e+09,0.00011559,-219.02
1.616e+09,0.00011535,-218.73
1.617e+09,0.00011512,-218.44
1.618e+09,0.00011489,-218.15
1.619e+09,0.00011466,-217.86
1.62e+09,0.00011443,-217.58
1.621e+09,0.0001142,-217.29
1.622e+09,0.00011397,-217.01
1.623e+09,0.00011374,-216.72
1.624e+09,0.00011351,-216.44
1.625e+09,0.00011328,-216.16
1.626e+09,0.00011306,-215.87
1.627e+09,0.00011283,-215.59
1.628e+09,0.0001126,-215.31
1.629e+09,0.00011238,-215.03
1.63e+09,0.00011215,-214.75
1.631e+09,0.00011193,-214.47
1.632e+09,0.00011171,-214.19
1.633e+09,0.00011149,-213.91
1.634e+09,0.00011126,-213.63
1.635e+09,0.00011104,-213.35
1.636e+09,0.00011082,-213.07
1.637e+09,0.0001106,-212.8
1.638e+09,0.00011038,-212.52
1.639e+09,0.00011016,-212.25
1.64e+09,0.00010994,-211.97
1.641e+09,0.00010973,-211.7
1.642e+09,0.00010951,-211.42
1.643e+09,0.00010929,-211.15
1.644e+09,0.00010908,-210.88
1.645e+09,0.00010886,-210.6
1.646e+09,0.00010865,-210.33
1.647e+09,0.00010843,-210.06
1.648e+09,0.00010822,-209.79
1.649e+09,0.000108,-209.52
1.65e+09,0.00010779,-209.25
1.651e+09,0.00010758,-208.98
1.652e+09,0.00010737,-208.71
1.653e+09,0.00010716,-208.44
1.654e+09,0.00010695,-208.17
1.655e+09,0.00010674,-207.91
1.656e+09,0.00010653,-207.64
1.657e+09,0.00010632,-207.38
1.658e+09,0.00010611,-207.11
1.659e+09,0.0001059,-206.84
1.66e+09,0.0001057,-206.58
1.661e+09,0.00010549,-206.32
1.662e+09,0.00010528,-206.05
1.663e+09,0.00010508,-205.79
1.664e+09,0.00010487,-205.53
1.665e+09,0.00010467,-205.27
1.666e+09,0.00010447,-205
1.667e+09,0.00010426,-204.74
1.668e+09,0.00010406,-204.48
1.669e+09,0.00010386,-204.22
1.67e+09,0.00010366,-203.96
1.671e+09,0.00010346,-203.7
1.672e+09,0.00010326,-203.45
1.673e+09,0.00010306,-203.19
1.674e+09,0.00010286,-202.93
1.675e+09,0.00010266,-202.67
1.676e+09,0.00010246,-202.42
1.677e+09,0.00010226,-202.16
1.678e+09,0.00010206,-201.91
1.679e+09,0.00010187,-201.65
1.68e+09,0.00010167,-201.4
1.681e+09,0.00010147,-201.14
1.682e+09,0.00010128,-200.89
1.683e+09,0.00010108,-200.64
1.684e+09,0.00010089,-200.38
1.685e+09,0.0001007,-200.13
1.686e+09,0.0001005,-199.88
1.687e+09,0.00010031,-199.63
1.688e+09,0.00010012,-199.38
1.689e+09,9.9926e-05,-199.13
1.69e+09,9.9734e-05,-198.88
1.691e+09,9.9544e-05,-198.63
1.692e+09,9.9353e-05,-198.38
1.693e+09,9.9163e-05,-198.13
1.694e+09,9.8974e-05,-197.89
1.695e+09,9.8785e-05,-197.64
1.696e+09,9.8597e-05,-197.39
1.697e+09,9.8409e-05,-197.15
1.698e+09,9.8222e-05,-196.9
1.699e+09,9.8035e-05,-196.65
1.7e+09,9.7848e-05,-196.41
1.701e+09,9.7662e-05,-196.17
1.702e+09,9.7477e-05,-195.92
1.703e+09,9.7292e-05,-195.68
1.704e+09,9.7107e-05,-195.43
1.705e+09,9.6923e-05,-195.19
1.706e+09,9.674e-05,-194.95
1.707e+09,9.6557e-05,-194.71
1.708e+09,9.6374e-05,-194.47
1.709e+09,9.6192e-05,-194.23
1.71e+09,9.601e-05,-193.99
1.711e+09,9.5829e-05,-193.75
1.712e+09,9.5648e-05,-193.51
1.713e+09,9.5468e-05,-193.27
1.714e+09,9.5288e-05,-193.03
1.715e+09,9.5109e-05,-192.79
1.716e+09,9.493e-05,-192.55
1.717e+09,9.4751e-05,-192.32
1.718e+09,9.4574e-05,-192.08
1.719e+09,9.4396e-05,-191.84
1.72e+09,9.4219e-05,-191.61
1.721e+09,9.4042e-05,-191.37
1.722e+09,9.3866e-05,-191.14
1.723e+09,9.369e-05,-190.9
1.724e+09,9.3515e-05,-190.67
1.725e+09,9.334e-05,-190.44
1.726e+09,9.3166e-05,-190.2
1.727e+09,9.2992e-05,-189.97
1.728e+09,9.2818e-05,-189.74
1.729e+09,9.2645e-05,-189.51
1.73e+09,9.2472e-05,-189.28
1.731e+09,9.23e-05,-189.04
1.732e+09,9.2128e-05,-188.81
1.733e+09,9.1957e-05,-188.58
1.734e+09,9.1786e-05,-188.35
1.735e+09,9.1616e-05,-188.12
1.736e+09,9.1446e-05,-187.9
1.737e+09,9.1276e-05,-187.67
1.738e+09,9.1107e-05,-187.44
1.739e+09,9.0938e-05,-187.21
1.74e+09,9.077e-05,-186.98
1.741e+09,9.0602e-05,-186.76
1.742e+09,9.0434e-05,-186.53
1.743e+09,9.0267e-05,-186.31
1.744e+09,9.01e-05,-186.08
1.745e+09,8.9934e-05,-185.86
1.746e+09,8.9768e-05,-185.63
1.747e+09,8.9603e-05,-185.41
1.748e+09,8.9438e-05,-185.18
1.749e+09,8.9273e-05,-184.96
1.75e+09,8.9109e-05,-184.74
1.751e+09,8.8945e-05,-184.51
1.752e+09,8.8782e-05,-184.29
1.753e+09,8.8619e-05,-184.07
1.754e+09,8.8456e-05,-183.85
1.755e+09,8.8294e-05,-183.63
1.756e+09,8.8132e-05,-183.41
1.757e+09,8.7971e-05,-183.19
1.758e+09,8.781e-05,-182.97
1.759e+09,8.7649e-05,-182.75
1.76e+09,8.7489e-05,-182.53
1.761e+09,8.733e-05,-182.31
1.762e+09,8.717e-05,-182.09
1.763e+09,8.7011e-05,-181.87
1.764e+09,8.6853e-05,-181.66
1.765e+09,8.6694e-05,-181.44
1.766e+09,8.6537e-05,-181.22
1.767e+09,8.6379e-05,-181.01
1.768e+09,8.6222e-05,-180.79
1.769e+09,8.6066e-05,-180.58
1.77e+09,8.5909e-05,-180.36
1.771e+09,8.5753e-05,-180.15
1.772e+09,8.5598e-05,-179.93
1.773e+09,8.5443e-05,-179.72
1.774e+09,8.5288e-05,-179.51
1.775e+09,8.5134e-05,-179.29
1.776e+09,8.498e-05,-179.08
1.777e+09,8.4826e-05,-178.87
1.778e+09,8.4673e-05,-178.66
1.779e+09,8.452e-05,-178.44
1.78e+09,8.4368e-05,-178.23
1.781e+09,8.4216e-05,-178.02
1.782e+09,8.4064e-05,-177.81
1.783e+09,8.3912e-05,-177.6
1.784e+09,8.3762e-05,-177.39
1.785e+09,8.3611e-05,-177.18
1.786e+09,8.3461e-05,-176.97
1.787e+09,8.3311e-05,-176.77
1.788e+09,8.3161e-05,-176.56
1.789e+09,8.3012e-05,-176.35
1.79e+09,8.2863e-05,-176.14
1.791e+09,8.2715e-05,-175.94
1.792e+09,8.2567e-05,-175.73
1.793e+09,8.2419e-05,-175.52
1.794e+09,8.2272e-05,-175.32
1.795e+09,8.2125e-05,-175.11
1.796e+09,8.1978e-05,-174.91
1.797e+09,8.1832e-05,-174.7
1.798e+09,8.1686e-05,-174.5
1.799e+09,8.154e-05,-174.29
1.8e+09,8.1395e-05,-174.09
1.801e+09,8.125e-05,-173.89
1.802e+09,8.1106e-05,-173.68
1.803e+09,8.0961e-05,-173.48
1.804e+09,8.0818e-05,-173.28
1.805e+09,8.0674e-05,-173.08
1.806e+09,8.0531e-05,-172.88
1.807e+09,8.0388e-05,-172.67
1.808e+09,8.0246e-05,-172.47
1.809e+09,8.0104e-05,-172.27
1.81e+09,7.9962e-05,-172.07
1.811e+09,7.982e-05,-171.87
1.812e+09,7.9679e-05,-171.67
1.813e+09,7.9538e-05,-171.47
1.814e+09,7.9398e-05,-171.28
1.815e+09,7.9258e-05,-171.08
1.816e+09,7.9118e-05,-170.88
1.817e+09,7.8979e-05,-170.68
1.818e+09,7.884e-05,-170.48
1.819e+09,7.8701e-05,-170.29
1.82e+09,7.8562e-05,-170.09
1.821e+09,7.8424e-05,-169.9
1.822e+09,7.8287e-05,-169.7
1.823e+09,7.8149e-05,-169.5
1.824e+09,7.8012e-05,-169.31
1.825e+09,7.7875e-05,-169.11
1.826e+09,7.7739e-05,-168.92
1.827e+09,7.7603e-05,-168.72
1.828e+09,7.7467e-05,-168.53
1.829e+09,7.7331e-05,-168.34
1.83e+09,7.7196e-05,-168.14
1.831e+09,7.7061e-05,-167.95
1.832e+09,7.6927e-05,-167.76
1.833e+09,7.6792e-05,-167.57
1.834e+09,7.6659e-05,-167.38
1.835e+09,7.6525e-05,-167.18
1.836e+09,7.6392e-05,-166.99
1.837e+09,7.6259e-05,-166.8
1.838e+09,7.6126e-05,-166.61
1.839e+09,7.5994e-05,-166.42
1.84e+09,7.5862e-05,-166.23
1.841e+09,7.573e-05,-166.04
1.842e+09,7.5599e-05,-165.85
1.843e+09,7.5467e-05,-165.66
1.844e+09,7.5337e-05,-165.48
1.845e+09,7.5206e-05,-165.29
1.846e+09,7.5076e-05,-165.1
1.847e+09,7.4946e-05,-164.91
1.848e+09,7.4817e-05,-164.72
1.849e+09,7.4687e-05,-164.54
1.85e+09,7.4558e-05,-164.35
1.851e+09,7.443e-05,-164.16
1.852e+09,7.4301e-05,-163.98
1.853e+09,7.4173e-05,-163.79
1.854e+09,7.4045e-05,-163.61
1.855e+09,7.3918e-05,-163.42
1.856e+09,7.3791e-05,-163.24
1.857e+09,7.3664e-05,-163.05
1.858e+09,7.3537e-05,-162.87
1.859e+09,7.3411e-05,-162.69
1.86e+09,7.3285e-05,-162.5
1.861e+09,7.3159e-05,-162.32
1.862e+09,7.3034e-05,-162.14
1.863e+09,7.2909e-05,-161.95
1.864e+09,7.2784e-05,-161.77
1.865e+09,7.266e-05,-161.59
1.866e+09,7.2535e-05,-161.41
1.867e+09,7.2411e-05,-161.23
1.868e+09,7.2288e-05,-161.05
1.869e+09,7.2164e-05,-160.87
1.87e+09,7.2041e-05,-160.69
1.871e+09,7.1918e-05,-160.51
1.872e+09,7.1796e-05,-160.33
1.873e+09,7.1674e-05,-160.15
1.874e+09,7.1552e-05,-159.97
1.875e+09,7.143e-05,-159.79
1.876e+09,7.1308e-05,-159.61
1.877e+09,7.1187e-05,-159.43
1.878e+09,7.1066e-05,-159.26
1.879e+09,7.0946e-05,-159.08
1.88e+09,7.0826e-05,-158.9
1.881e+09,7.0706e-05,-158.72
1.882e+09,7.0586e-05,-158.55
1.883e+09,7.0466e-05,-158.37
1.884e+09,7.0347e-05,-158.19
1.885e+09,7.0228e-05,-158.02
1.886e+09,7.0109e-05,-157.84
1.887e+09,6.9991e-05,-157.67
1.888e+09,6.9873e-05,-157.49
1.889e+09,6.9755e-05,-157.32
1.89e+09,6.9637e-05,-157.15
1.891e+09,6.952e-05,-156.97
1.892e+09,6.9403e-05,-156.8
1.893e+09,6.9286e-05,-156.62
1.894e+09,6.917e-05,-156.45
1.895e+09,6.9054e-05,-156.28
1.896e+09,6.8938e-05,-156.11
1.897e+09,6.8822e-05,-155.93
1.898e+09,6.8706e-05,-155.76
1.899e+09,6.8591e-05,-155.59
1.9e+09,6.8476e-05,-155.42
1.901e+09,6.8362e-05,-155.25
1.902e+09,6.8247e-05,-155.08
1.903e+09,6.8133e-05,-154.91
1.904e+09,6.8019e-05,-154.74
1.905e+09,6.7905e-05,-154.57
1.906e+09,6.7792e-05,-154.4
1.907e+09,6.7679e-05,-154.23
1.908e+09,6.7566e-05,-154.06
1.909e+09,6.7453e-05,-153.89
1.91e+09,6.7341e-05,-153.72
1.911e+09,6.7229e-05,-153.55
1.912e+09,6.7117e-05,-153.38
1.913e+09,6.7005e-05,-153.22
1.914e+09,6.6894e-05,-153.05
1.915e+09,6.6783e-05,-152.88
1.916e+09,6.6672e-05,-152.72
1.917e+09,6.6561e-05,-152.55
1.918e+09,6.6451e-05,-152.38
1.919e+09,6.6341e-05,-152.22
1.92e+09,6.6231e-05,-152.05
1.921e+09,6.6121e-05,-151.89
1.922e+09,6.6012e-05,-151.72
1.923e+09,6.5903e-05,-151.56
1.924e+09,6.5794e-05,-151.39
1.925e+09,6.5685e-05,-151.23
1.926e+09,6.5577e-05,-151.06
1.927e+09,6.5469e-05,-150.9
1.928e+09,6.5361e-05,-150.74
1.929e+09,6.5253e-05,-150.57
1.93e+09,6.5146e-05,-150.41
1.931e+09,6.5039e-05,-150.25
1.932e+09,6.4932e-05,-150.08
1.933e+09,6.4825e-05,-149.92
1.934e+09,6.4718e-05,-149.76
1.935e+09,6.4612e-05,-149.6
1.936e+09,6.4506e-05,-149.44
1.937e+09,6.44e-05,-149.28
1.938e+09,6.4295e-05,-149.11
1.939e+09,6.4189e-05,-148.95
1.94e+09,6.4084e-05,-148.79
1.941e+09,6.3979e-05,-148.63
1.942e+09,6.3875e-05,-148.47
1.943e+09,6.3771e-05,-148.31
1.944e+09,6.3666e-05,-148.16
1.945e+09,6.3562e-05,-148
1.946e+09,6.3459e-05,-147.84
1.947e+09,6.3355e-05,-147.68
1.948e+09,6.3252e-05,-147.52
1.949e+09,6.3149e-05,-147.36
1.95e+09,6.3046e-05,-147.2
1.951e+09,6.2944e-05,-147.05
1.952e+09,6.2841e-05,-146.89
1.953e+09,6.2739e-05,-146.73
1.954e+09,6.2637e-05,-146.58
1.955e+09,6.2536e-05,-146.42
1.956e+09,6.2434e-05,-146.26
1.957e+09,6.2333e-05,-146.11
1.958e+09,6.2232e-05,-145.95
1.959e+09,6.2131e-05,-145.8
1.96e+09,6.2031e-05,-145.64
1.961e+09,6.193e-05,-145.49
1.962e+09,6.183e-05,-145.33
1.963e+09,6.173e-05,-145.18
1.964e+09,6.1631e-05,-145.02
1.965e+09,6.1531e-05,-144.87
1.966e+09,6.1432e-05,-144.72
1.967e+09,6.1333e-05,-144.56
1.968e+09,6.1234e-05,-144.41
1.969e+09,6.1135e-05,-144.26
1.97e+09,6.1037e-05,-144.1
1.971e+09,6.0939e-05,-143.95
1.972e+09,6.0841e-05,-143.8
1.973e+09,6.0743e-05,-143.65
1.974e+09,6.0646e-05,-143.49
1.975e+09,6.0548e-05,-143.34
1.976e+09,6.0451e-05,-143.19
1.977e+09,6.0354e-05,-143.04
1.978e+09,6.0258e-05,-142.89
1.979e+09,6.0161e-05,-142.74
1.98e+09,6.0065e-05,-142.59
1.981e+09,5.9969e-05,-142.44
1.982e+09,5.9873e-05,-142.29
1.983e+09,5.9777e-05,-142.14
1.984e+09,5.9682e-05,-141.99
1.985e+09,5.9587e-05,-141.84
1.986e+09,5.9492e-05,-141.69
1.987e+09,5.9397e-05,-141.54
1.988e+09,5.9302e-05,-141.4
1.989e+09,5.9208e-05,-141.25
1.99e+09,5.9113e-05,-141.1
1.991e+09,5.9019e-05,-140.95
1.992e+09,5.8926e-05,-140.8
1.993e+09,5.8832e-05,-140.66
1.994e+09,5.8738e-05,-140.51
1.995e+09,5.8645e-05,-140.36
1.996e+09,5.8552e-05,-140.22
1.997e+09,5.846e-05,-140.07
1.998e+09,5.8367e-05,-139.92
1.999e+09,5.8274e-05,-139.78
2e+09,5.8182e-05,-139.63
