Rl	Ql	fl	Rxd	Qxd	fxd	Ryd	Qyd	fyd
2.5	1	5e9	2110	1	5e9	2110	1	5e9
1549.58 	 10128 	 750900000 3110 	 6677 	 583900000 3110 	 6677 	 583900000
1249.42 	 10076 	 786500000 3120 	 6786 	 616300000 3120 	 6786 	 616300000
1043.64 	 10035 	 816300000 3130 	 6874 	 643600000 3130 	 6874 	 643600000
889.911 	 9999 	 843100000 3060 	 6950 	 668100000 3060 	 6950 	 668100000
777.504 	 9968 	 868000000 2100 	 7017 	 691100000 2100 	 7017 	 691100000
675.852 	 9939 	 891500000 2930 	 7081 	 712800000 2930 	 7081 	 712800000
594.9 	 9915 	 914000000 2800 	 7138 	 733500000 2800 	 7138 	 733500000
524.17 	 9890 	 935600000 2650 	 7191 	 753600000 2650 	 7191 	 753600000
454.02 	 9870 	 956600000 2510 	 7240 	 773000000 2510 	 7240 	 773000000
413.616 	 9848 	 977000000 2380 	 7289 	 792000000 2380 	 7289 	 792000000
373.54 	 9830 	 996800000 2260 	 7330 	 810500000 2260 	 7330 	 810500000
353.304 	 9814 	 1016200000 2180 	 7375 	 828600000 2180 	 7375 	 828600000
342.755 	 9793 	 1035200000 2100 	 7414 	 846500000 2100 	 7414 	 846500000
351.864 	 9774 	 1053800000 2130 	 7450 	 864000000 2130 	 7450 	 864000000
390.4 	 9760 	 1.0721e+09 2210 	 7491 	 881300000 2210 	 7491 	 881300000
438.345 	 9741 	 1090000000 2100 	 5281 	 882500000 2100 	 5281 	 882500000
505.44 	 9720 	 1107800000 2380 	 7526 	 898400000 2380 	 7526 	 898400000
582.3 	 9705 	 1125200000 3100 	 5335 	 913000000 3100 	 5335 	 913000000
7062.48 	 8053 	 1137700000 2590 	 7555 	 915300000 2590 	 7555 	 915300000
649.096 	 9688 	 1142500000 2910 	 7588 	 932000000 2910 	 7588 	 932000000
725.55 	 9674 	 1159600000 3180 	 5379 	 938500000 3180 	 5379 	 938500000
5702.94 	 8055 	 1171300000 3260 	 7618 	 948500000 3260 	 7618 	 948500000
791.71 	 9655 	 1176600000 3370 	 5417 	 961300000 3370 	 5417 	 961300000
819.74 	 9644 	 1193500000 3540 	 7633 	 964800000 3540 	 7633 	 964800000
4956.95 	 8047 	 1199200000 3470 	 7542 	 980800000 3470 	 7542 	 980800000
837.897 	 9631 	 1210200000 3480 	 5504 	 982500000 3480 	 5504 	 982500000
4436.42 	 8037 	 1224100000 4430 	 7518 	 996600000 4430 	 7518 	 996600000
856.625 	 9625 	 1226900000 4150 	 5583 	 1002600000 4150 	 5583 	 1002600000
855.735 	 9615 	 1243500000 7150 	 7470 	 1012200000 7150 	 7470 	 1012200000
4029.05 	 8026 	 1247000000 5980 	 5937 	 1022100000 5980 	 5937 	 1022100000
835.461 	 9603 	 1259900000 980 	 7328 	 1.0286e+09 980 	 7328 	 1.0286e+09
3718.96 	 8015 	 1268700000 790 	 6787 	 1040800000 790 	 6787 	 1040800000
805.812 	 9593 	 1276300000 3460 	 6831 	 1.0476e+09 3460 	 6831 	 1.0476e+09
3402.55 	 8006 	 1289300000 4620 	 7357 	 1058800000 4620 	 7357 	 1058800000
1062.49 	 9572 	 1292500000 5350 	 6899 	 1.0686e+09 5350 	 6899 	 1.0686e+09
3105.69 	 9002 	 1308200000 10500 	 7393 	 1077500000 10500 	 7393 	 1077500000
1629.11 	 8441 	 1309400000 10580 	 7407 	 1088900000 10580 	 7407 	 1088900000
665.412 	 9372 	 1324200000 6930 	 7282 	 1098500000 6930 	 7282 	 1098500000
2386.52 	 8173 	 1328900000 5480 	 7609 	 1108400000 5480 	 7609 	 1108400000
920.808 	 9396 	 1340100000 5070 	 7586 	 1119700000 5070 	 7586 	 1119700000
3682.22 	 8312 	 1349000000 1740 	 7571 	 1129600000 1740 	 7571 	 1129600000
2361 	 9332 	 1356800000 100 	 7775 	 1139900000 100 	 7775 	 1139900000
3975.34 	 8795 	 1371800000 250 	 7789 	 1151100000 250 	 7789 	 1151100000
2937.97 	 8930 	 1375300000 2000 	 7795 	 1161400000 2000 	 7795 	 1161400000
434.139 	 9237 	 1387500000 3300 	 7973 	 1171600000 3300 	 7973 	 1171600000
961.29 	 8739 	 1396500000 920 	 9683 	 1182200000 920 	 9683 	 1182200000
553.5 	 9225 	 1405500000 6490 	 9890 	 1183900000 6490 	 9890 	 1183900000
647.378 	 9118 	 1418300000 6900 	 8011 	 1193700000 6900 	 8011 	 1193700000
2688.83 	 8933 	 1426900000 10250 	 8121 	 1204100000 10250 	 8121 	 1204100000
2983.97 	 9267 	 1445200000 9800 	 8179 	 1215200000 9800 	 8179 	 1215200000
