Rl	Ql	fl	Rxd	Qxd	fxd	Ryd	Qyd	fyd
1.1e-6	1	5e9	19200	1	5e9	19200	1	5e9
1.2562 	 6281 	 1912600000 4.80 	 3941 	 1464600000 4.80 	 3941 	 1464600000
0 	 6283 	 1913500000 11.15 	 3948 	 1465900000 11.15 	 3948 	 1465900000
8.799 	 6285 	 1915200000 53.38 	 3958 	 1468100000 53.38 	 3958 	 1468100000
0 	 6288 	 1917500000 19.81 	 3974 	 1471100000 19.81 	 3974 	 1471100000
25.168 	 6292 	 1920400000 189.27 	 3994 	 1475000000 189.27 	 3994 	 1475000000
3.1485 	 6297 	 1924100000 0.91 	 4018 	 1479700000 0.91 	 4018 	 1479700000
39.0786 	 6303 	 1928200000 371.46 	 4046 	 1485300000 371.46 	 4046 	 1485300000
23.978 	 6310 	 1933100000 119.15 	 4079 	 1491700000 119.15 	 4079 	 1491700000
30.3264 	 6318 	 1938600000 300.04 	 4116 	 1498900000 300.04 	 4116 	 1498900000
79.0875 	 6327 	 1944800000 672.68 	 4157 	 1506900000 672.68 	 4157 	 1506900000
2.5344 	 6336 	 1951600000 2.45 	 4202 	 1515700000 2.45 	 4202 	 1515700000
121.228 	 6347 	 1959000000 952.08 	 4251 	 1525300000 952.08 	 4251 	 1525300000
43.8702 	 6358 	 1967000000 770.41 	 4305 	 1535700000 770.41 	 4305 	 1535700000
57.339 	 6371 	 1975600000 73.49 	 4362 	 1546800000 73.49 	 4362 	 1546800000
174.283 	 6384 	 1984800000 1589.94 	 4423 	 1558600000 1589.94 	 4423 	 1558600000
12.1562 	 6398 	 1994600000 1130.94 	 4488 	 1571100000 1130.94 	 4488 	 1571100000
136.597 	 6413 	 2005000000 42.43 	 4556 	 1584400000 42.43 	 4556 	 1584400000
198.625 	 6428 	 2016000000 1940.03 	 4629 	 1598200000 1940.03 	 4629 	 1598200000
5.8005 	 6445 	 2027400000 2219.85 	 4704 	 1612800000 2219.85 	 4704 	 1612800000
182.875 	 6462 	 2039500000 152.32 	 4783 	 1628000000 152.32 	 4783 	 1628000000
244.982 	 6481 	 2052100000 1200.28 	 4865 	 1643700000 1200.28 	 4865 	 1643700000
14.3 	 6500 	 2.0653e+09 3531.26 	 4951 	 1660100000 3531.26 	 4951 	 1660100000
162.323 	 6519 	 2079000000 2075.94 	 5039 	 1677100000 2075.94 	 5039 	 1677100000
321.114 	 6540 	 2.0932e+09 10.50 	 5130 	 1694600000 10.50 	 5130 	 1694600000
78.732 	 6561 	 2107900000 1996.45 	 5223 	 1712600000 1996.45 	 5223 	 1712600000
63.1968 	 6583 	 2123100000 4641.43 	 5319 	 1731100000 4641.43 	 5319 	 1731100000
335.534 	 6605 	 2.1387e+09 3199.79 	 5418 	 1750100000 3199.79 	 5418 	 1750100000
260.52 	 6629 	 2154900000 284.04 	 5518 	 1769600000 284.04 	 5518 	 1769600000
15.9648 	 6652 	 2171400000 1019.72 	 5620 	 1789600000 1019.72 	 5620 	 1789600000
148.897 	 6677 	 2188500000 4539.97 	 5723 	 1809900000 4539.97 	 5723 	 1809900000
381.344 	 6702 	 2206000000 5746.53 	 5828 	 1830700000 5746.53 	 5828 	 1830700000
244.863 	 6727 	 2223900000 3055.70 	 5934 	 1851900000 3055.70 	 5934 	 1851900000
17.5578 	 6753 	 2242200000 223.56 	 6040 	 1873400000 223.56 	 6040 	 1873400000
124.056 	 6779 	 2260900000 932.05 	 6146 	 1895300000 932.05 	 6146 	 1895300000
360.718 	 6806 	 2280000000 4341.09 	 6252 	 1917500000 4341.09 	 6252 	 1917500000
321.834 	 6833 	 2299400000 6647.86 	 6358 	 1940000000 6647.86 	 6358 	 1940000000
85.0764 	 6861 	 2319300000 5568.34 	 6462 	 1962800000 5568.34 	 6462 	 1962800000
23.4192 	 6888 	 2339500000 2380.83 	 6564 	 1985900000 2380.83 	 6564 	 1985900000
208.863 	 6916 	 2360000000 143.03 	 6662 	 2009200000 143.03 	 6662 	 2009200000
360.446 	 6945 	 2380800000 739.80 	 6755 	 2032700000 739.80 	 6755 	 2032700000
281.012 	 6973 	 2402000000 3589.39 	 6838 	 2056500000 3589.39 	 6838 	 2056500000
86.8124 	 7001 	 2423500000 6529.24 	 6905 	 2080400000 6529.24 	 6905 	 2080400000
11.9493 	 7029 	 2445200000 7566.55 	 6935 	 2.1043e+09 7566.55 	 6935 	 2.1043e+09
515.161 	 7057 	 2467200000 6034.87 	 6821 	 2128100000 6034.87 	 6821 	 2128100000
281.274 	 7085 	 2489500000 0.42 	 3260 	 2143000000 0.42 	 3260 	 2143000000
328.621 	 7113 	 2512000000 30.39 	 3274 	 2144000000 30.39 	 3274 	 2144000000
229.194 	 7140 	 2534800000 7.78 	 3309 	 2.1457e+09 7.78 	 3309 	 2.1457e+09
77.3928 	 7166 	 2557800000 284.93 	 3439 	 2147900000 284.93 	 3439 	 2147900000
2.1576 	 7192 	 2581000000 531.91 	 3999 	 2150300000 531.91 	 3999 	 2150300000
65.6656 	 7216 	 2604300000 817.43 	 4000 	 2152500000 817.43 	 4000 	 2152500000
227.336 	 7240 	 2627800000 188.83 	 3530 	 2155700000 188.83 	 3530 	 2155700000
377.624 	 7262 	 2651500000 45.90 	 3434 	 2159900000 45.90 	 3434 	 2159900000
410.761 	 7283 	 2675400000 146.84 	 3448 	 2164800000 146.84 	 3448 	 2164800000
302.992 	 7301 	 2699300000 217.20 	 3586 	 2170100000 217.20 	 3586 	 2170100000
130.956 	 7316 	 2723300000 42.26 	 4139 	 2175000000 42.26 	 4139 	 2175000000
28.5675 	 7325 	 2747500000 535.97 	 4103 	 2179300000 535.97 	 4103 	 2179300000
92.9132 	 7316 	 2771600000 118.86 	 3676 	 2185100000 118.86 	 3676 	 2185100000
296.737 	 7116 	 2795200000 228.59 	 3675 	 2191900000 228.59 	 3675 	 2191900000
0.5158 	 5158 	 2798400000 108.89 	 4069 	 2198600000 108.89 	 4069 	 2198600000
1.5501 	 5167 	 2799200000 602.83 	 4374 	 2204200000 602.83 	 4374 	 2204200000
