Rl Ql fl Rxd Qxd fxd Ryd Qyd fyd
0.0000000000e+00	1.0000000000e+00	4.0000000000e+08	9.0687306387e+02	1.0000000000e+00	4.0000000000e+08	9.0687306387e+02	1.0000000000e+00	4.0000000000e+08
0.0000000000e+00	1.0000000000e+00	6.3287444000e+08	2.4996508153e+02	1.0000000000e+00	6.3287444000e+08	2.4996508153e+02	1.0000000000e+00	6.3287444000e+08
1.5573496206e+01	1.0000000000e+00	7.1414405000e+08	0.0000000000e+00	1.0000000000e+00	7.1414405000e+08	0.0000000000e+00	1.0000000000e+00	7.1414405000e+08
1.0149646961e+02	1.0000000000e+00	7.5708231000e+08	0.0000000000e+00	1.0000000000e+00	7.5708231000e+08	0.0000000000e+00	1.0000000000e+00	7.5708231000e+08
0.0000000000e+00	1.0000000000e+00	7.7763292000e+08	1.4012727885e+01	1.0000000000e+00	7.7763292000e+08	1.4012727885e+01	1.0000000000e+00	7.7763292000e+08
1.4466726441e+01	1.0000000000e+00	8.7136717000e+08	0.0000000000e+00	1.0000000000e+00	8.7136717000e+08	0.0000000000e+00	1.0000000000e+00	8.7136717000e+08
0.0000000000e+00	1.0000000000e+00	9.0514683000e+08	5.3299982729e+01	1.0000000000e+00	9.0514683000e+08	5.3299982729e+01	1.0000000000e+00	9.0514683000e+08
0.0000000000e+00	1.0000000000e+00	9.4379992000e+08	6.5965604889e+01	1.0000000000e+00	9.4379992000e+08	6.5965604889e+01	1.0000000000e+00	9.4379992000e+08
8.9594434742e-01	1.0000000000e+00	9.8852704000e+08	0.0000000000e+00	1.0000000000e+00	9.8852704000e+08	0.0000000000e+00	1.0000000000e+00	9.8852704000e+08
1.1059740129e+00	1.0000000000e+00	1.0277460000e+09	0.0000000000e+00	1.0000000000e+00	1.0277460000e+09	0.0000000000e+00	1.0000000000e+00	1.0277460000e+09
0.0000000000e+00	1.0000000000e+00	1.1006611000e+09	6.5844009624e+01	1.0000000000e+00	1.1006611000e+09	6.5844009624e+01	1.0000000000e+00	1.1006611000e+09
0.0000000000e+00	1.0000000000e+00	1.2285175000e+09	8.2573423561e+01	1.0000000000e+00	1.2285175000e+09	8.2573423561e+01	1.0000000000e+00	1.2285175000e+09
1.3144541677e+00	1.0000000000e+00	1.2440926000e+09	0.0000000000e+00	1.0000000000e+00	1.2440926000e+09	0.0000000000e+00	1.0000000000e+00	1.2440926000e+09
0.0000000000e+00	1.0000000000e+00	1.2519221000e+09	9.1692450252e+01	1.0000000000e+00	1.2519221000e+09	9.1692450252e+01	1.0000000000e+00	1.2519221000e+09
0.0000000000e+00	1.0000000000e+00	1.2658215000e+09	1.0113470291e+02	1.0000000000e+00	1.2658215000e+09	1.0113470291e+02	1.0000000000e+00	1.2658215000e+09
0.0000000000e+00	1.0000000000e+00	1.2773514000e+09	7.5988660086e+01	1.0000000000e+00	1.2773514000e+09	7.5988660086e+01	1.0000000000e+00	1.2773514000e+09
0.0000000000e+00	1.0000000000e+00	1.3592556000e+09	1.3557329755e+01	1.0000000000e+00	1.3592556000e+09	1.3557329755e+01	1.0000000000e+00	1.3592556000e+09
0.0000000000e+00	1.0000000000e+00	1.3663020000e+09	5.1031839615e+00	1.0000000000e+00	1.3663020000e+09	5.1031839615e+00	1.0000000000e+00	1.3663020000e+09
0.0000000000e+00	1.0000000000e+00	1.3715416000e+09	0.0000000000e+00	1.0000000000e+00	1.3715416000e+09	0.0000000000e+00	1.0000000000e+00	1.3715416000e+09
0.0000000000e+00	1.0000000000e+00	1.3997308000e+09	1.1523493621e+01	1.0000000000e+00	1.3997308000e+09	1.1523493621e+01	1.0000000000e+00	1.3997308000e+09
1.5847102441e+00	1.0000000000e+00	1.4592073000e+09	0.0000000000e+00	1.0000000000e+00	1.4592073000e+09	0.0000000000e+00	1.0000000000e+00	1.4592073000e+09
0.0000000000e+00	1.0000000000e+00	1.4648394000e+09	2.1022342402e+01	1.0000000000e+00	1.4648394000e+09	2.1022342402e+01	1.0000000000e+00	1.4648394000e+09
0.0000000000e+00	1.0000000000e+00	1.4738057000e+09	1.2158481727e+01	1.0000000000e+00	1.4738057000e+09	1.2158481727e+01	1.0000000000e+00	1.4738057000e+09
0.0000000000e+00	1.0000000000e+00	1.4793741000e+09	1.0890224640e+02	1.0000000000e+00	1.4793741000e+09	1.0890224640e+02	1.0000000000e+00	1.4793741000e+09
0.0000000000e+00	1.0000000000e+00	1.6158894000e+09	3.9863468702e+01	1.0000000000e+00	1.6158894000e+09	3.9863468702e+01	1.0000000000e+00	1.6158894000e+09
0.0000000000e+00	1.0000000000e+00	1.6201565000e+09	1.1860518374e+01	1.0000000000e+00	1.6201565000e+09	1.1860518374e+01	1.0000000000e+00	1.6201565000e+09
0.0000000000e+00	1.0000000000e+00	1.7060977000e+09	1.1507553348e+01	1.0000000000e+00	1.7060977000e+09	1.1507553348e+01	1.0000000000e+00	1.7060977000e+09
2.0045440440e+00	1.0000000000e+00	1.7188498000e+09	0.0000000000e+00	1.0000000000e+00	1.7188498000e+09	0.0000000000e+00	1.0000000000e+00	1.7188498000e+09
0.0000000000e+00	1.0000000000e+00	1.7230791000e+09	6.9780824518e+00	1.0000000000e+00	1.7230791000e+09	6.9780824518e+00	1.0000000000e+00	1.7230791000e+09
0.0000000000e+00	1.0000000000e+00	1.7275805000e+09	1.1375007417e+01	1.0000000000e+00	1.7275805000e+09	1.1375007417e+01	1.0000000000e+00	1.7275805000e+09
0.0000000000e+00	1.0000000000e+00	1.7643016000e+09	2.7914380015e+01	1.0000000000e+00	1.7643016000e+09	2.7914380015e+01	1.0000000000e+00	1.7643016000e+09
0.0000000000e+00	1.0000000000e+00	1.7680333000e+09	3.3587804637e+01	1.0000000000e+00	1.7680333000e+09	3.3587804637e+01	1.0000000000e+00	1.7680333000e+09
0.0000000000e+00	1.0000000000e+00	1.7822440000e+09	2.7198582185e+01	1.0000000000e+00	1.7822440000e+09	2.7198582185e+01	1.0000000000e+00	1.7822440000e+09
9.4912314492e-01	1.0000000000e+00	1.8142925000e+09	0.0000000000e+00	1.0000000000e+00	1.8142925000e+09	0.0000000000e+00	1.0000000000e+00	1.8142925000e+09
0.0000000000e+00	1.0000000000e+00	1.8211978000e+09	2.1581351446e+00	1.0000000000e+00	1.8211978000e+09	2.1581351446e+00	1.0000000000e+00	1.8211978000e+09
0.0000000000e+00	1.0000000000e+00	1.8386793000e+09	2.6248731880e+00	1.0000000000e+00	1.8386793000e+09	2.6248731880e+00	1.0000000000e+00	1.8386793000e+09
7.9655968176e-01	1.0000000000e+00	1.8417085000e+09	0.0000000000e+00	1.0000000000e+00	1.8417085000e+09	0.0000000000e+00	1.0000000000e+00	1.8417085000e+09
1.6546503903e-01	1.0000000000e+00	1.8497052000e+09	0.0000000000e+00	1.0000000000e+00	1.8497052000e+09	0.0000000000e+00	1.0000000000e+00	1.8497052000e+09
2.9028689281e-02	1.0000000000e+00	1.8528841000e+09	0.0000000000e+00	1.0000000000e+00	1.8528841000e+09	0.0000000000e+00	1.0000000000e+00	1.8528841000e+09
0.0000000000e+00	1.0000000000e+00	1.8753510000e+09	1.0590299970e+00	1.0000000000e+00	1.8753510000e+09	1.0590299970e+00	1.0000000000e+00	1.8753510000e+09
7.5368936035e-02	1.0000000000e+00	1.8953508000e+09	0.0000000000e+00	1.0000000000e+00	1.8953508000e+09	0.0000000000e+00	1.0000000000e+00	1.8953508000e+09
0.0000000000e+00	1.0000000000e+00	1.9129467000e+09	2.1466247084e+00	1.0000000000e+00	1.9129467000e+09	2.1466247084e+00	1.0000000000e+00	1.9129467000e+09
0.0000000000e+00	1.0000000000e+00	1.9222633000e+09	2.9376782173e+00	1.0000000000e+00	1.9222633000e+09	2.9376782173e+00	1.0000000000e+00	1.9222633000e+09
0.0000000000e+00	1.0000000000e+00	1.9275422000e+09	6.8232269016e+00	1.0000000000e+00	1.9275422000e+09	6.8232269016e+00	1.0000000000e+00	1.9275422000e+09
2.1314368560e-01	1.0000000000e+00	1.9468279000e+09	0.0000000000e+00	1.0000000000e+00	1.9468279000e+09	0.0000000000e+00	1.0000000000e+00	1.9468279000e+09
