Rl	Ql	fl	Rxd	Qxd	fxd	Ryd	Qyd	fyd
2.5	1	5e9	2080	1	5e9	2080	1	5e9
1542.24 	 10080 	 751000000 3080 	 6640 	 584000000 3080 	 6640 	 584000000
1233.69 	 10030 	 786600000 3120 	 6750 	 616400000 3120 	 6750 	 616400000
1027.94 	 9980 	 816400000 3110 	 6840 	 643700000 3110 	 6840 	 643700000
895.5 	 9950 	 843300000 3070 	 6920 	 668300000 3070 	 6920 	 668300000
763.84 	 9920 	 868200000 2980 	 6980 	 691300000 2980 	 6980 	 691300000
672.52 	 9890 	 891800000 2900 	 7050 	 713000000 2900 	 7050 	 713000000
581.74 	 9860 	 914300000 2780 	 7100 	 733800000 2780 	 7100 	 733800000
511.68 	 9840 	 936000000 2650 	 7160 	 753900000 2650 	 7160 	 753900000
451.72 	 9820 	 956900000 2510 	 7210 	 773400000 2510 	 7210 	 773400000
411.6 	 9800 	 977300000 2380 	 7250 	 792300000 2380 	 7250 	 792300000
361.86 	 9780 	 997200000 2230 	 7300 	 810900000 2230 	 7300 	 810900000
351.36 	 9760 	 1016600000 2180 	 7340 	 829100000 2180 	 7340 	 829100000
351 	 9750 	 1.0356e+09 2120 	 7380 	 846900000 2120 	 7380 	 846900000
359.64 	 9720 	 1054300000 2120 	 7420 	 864500000 2120 	 7420 	 864500000
388.4 	 9710 	 1.0726e+09 2230 	 7460 	 881800000 2230 	 7460 	 881800000
436.05 	 9690 	 1090600000 2970 	 5250 	 882500000 2970 	 5250 	 882500000
512.51 	 9670 	 1108300000 2380 	 7490 	 899000000 2380 	 7490 	 899000000
589.26 	 9660 	 1125800000 3080 	 5310 	 913100000 3080 	 5310 	 913100000
7009.48 	 8020 	 1137700000 2590 	 7520 	 915900000 2590 	 7520 	 915900000
655.52 	 9640 	 1143200000 2900 	 7550 	 932600000 2900 	 7550 	 932600000
731.12 	 9620 	 1160300000 3150 	 5350 	 938500000 3150 	 5350 	 938500000
5694.2 	 8020 	 1171300000 3310 	 7580 	 949100000 3310 	 7580 	 949100000
788.02 	 9610 	 1177300000 3340 	 5390 	 961300000 3340 	 5390 	 961300000
815.15 	 9590 	 1194200000 3590 	 7600 	 965400000 3590 	 7600 	 965400000
4902.12 	 8010 	 1199200000 3070 	 7380 	 981400000 3070 	 7380 	 981400000
843.04 	 9580 	 1211000000 3770 	 5540 	 982500000 3770 	 5540 	 982500000
4400 	 8000 	 1224000000 4370 	 7460 	 997200000 4370 	 7460 	 997200000
852.62 	 9580 	 1227700000 4270 	 5570 	 1002600000 4270 	 5570 	 1002600000
841.28 	 9560 	 1244300000 7200 	 7420 	 1012800000 7200 	 7420 	 1012800000
4026.96 	 7990 	 1247100000 5550 	 5890 	 1022300000 5550 	 5890 	 1022300000
830.85 	 9550 	 1260800000 1170 	 7320 	 1029200000 1170 	 7320 	 1029200000
3702.72 	 7980 	 1268700000 730 	 6690 	 1041300000 730 	 6690 	 1041300000
801.36 	 9540 	 1277200000 3700 	 6860 	 1048000000 3700 	 6860 	 1048000000
3435.07 	 7970 	 1289300000 4550 	 7310 	 1.0594e+09 4550 	 7310 	 1.0594e+09
1038.77 	 9530 	 1293500000 5580 	 6860 	 1069000000 5580 	 6860 	 1069000000
4088.04 	 8360 	 1308700000 10540 	 7380 	 1078100000 10540 	 7380 	 1078100000
414 	 9000 	 1309900000 10490 	 7360 	 1089500000 10490 	 7360 	 1089500000
684.5 	 9250 	 1325000000 6720 	 7260 	 1098900000 6720 	 7260 	 1098900000
2372.2 	 8180 	 1329100000 5460 	 7580 	 1109100000 5460 	 7580 	 1109100000
885.4 	 9320 	 1341000000 4890 	 7540 	 1120300000 4890 	 7540 	 1120300000
3829.01 	 8270 	 1349200000 1520 	 7540 	 1130100000 1520 	 7540 	 1130100000
2892.3 	 9300 	 1357600000 90 	 7740 	 1140500000 90 	 7740 	 1140500000
5034.4 	 8680 	 1369400000 300 	 7750 	 1151800000 300 	 7750 	 1151800000
1559.04 	 8960 	 1375800000 2160 	 7770 	 1162000000 2160 	 7770 	 1162000000
972.02 	 9170 	 1388000000 3270 	 7950 	 1172300000 3270 	 7950 	 1172300000
1461.6 	 8700 	 1396900000 680 	 10660 	 1182700000 680 	 10660 	 1182700000
818.8 	 9200 	 1406200000 6290 	 8960 	 1184200000 6290 	 8960 	 1184200000
1157.12 	 9040 	 1418000000 7090 	 7970 	 1194400000 7090 	 7970 	 1194400000
3065.04 	 8910 	 1426500000 10210 	 8080 	 1204800000 10210 	 8080 	 1204800000
3190.12 	 9220 	 1437100000 9740 	 8140 	 1215900000 9740 	 8140 	 1215900000
0	1	1e9 6700 	 12420 	 1224000000 6700 	 12420 	 1224000000
0	1	1e9 10000 	 8200 	 1227100000 10000 	 8200 	 1227100000
0	1	1e9 11890 	 8250 	 1237600000 11890 	 8250 	 1237600000
0	1	1e9 11350 	 8290 	 1248500000 11350 	 8290 	 1248500000
0	1	1e9 5390 	 12550 	 1258200000 5390 	 12550 	 1258200000
0	1	1e9 11370 	 8310 	 1259800000 11370 	 8310 	 1259800000
0	1	1e9 10260 	 8390 	 1270600000 10260 	 8390 	 1270600000
0	1	1e9 8890 	 8460 	 1281200000 8890 	 8460 	 1281200000
0	1	1e9 1750 	 12480 	 1288900000 1750 	 12480 	 1288900000
0	1	1e9 8850 	 8460 	 1292600000 8850 	 8460 	 1292600000
0	1	1e9 6350 	 8510 	 1303600000 6350 	 8510 	 1303600000
0	1	1e9 3460 	 8860 	 1314100000 3460 	 8860 	 1314100000
0	1	1e9 100 	 11960 	 1317500000 100 	 11960 	 1317500000
0	1	1e9 1170 	 8610 	 1325600000 1170 	 8610 	 1325600000
0	1	1e9 1820 	 8630 	 1336800000 1820 	 8630 	 1336800000
0	1	1e9 1040 	 12330 	 1343500000 1040 	 12330 	 1343500000
0	1	1e9 2540 	 8800 	 1347900000 2540 	 8800 	 1347900000
0	1	1e9 2860 	 8740 	 1358700000 2860 	 8740 	 1358700000
0	1	1e9 810 	 11910 	 1369100000 810 	 11910 	 1369100000
0	1	1e9 2060 	 9070 	 1370000000 2060 	 9070 	 1370000000
0	1	1e9 2510 	 8800 	 1381100000 2510 	 8800 	 1381100000
0	1	1e9 3070 	 9370 	 1391700000 3070 	 9370 	 1391700000
0	1	1e9 2360 	 11600 	 1393800000 2360 	 11600 	 1393800000
0	1	1e9 7090 	 8910 	 1403200000 7090 	 8910 	 1403200000
0	1	1e9 7710 	 8910 	 1414300000 7710 	 8910 	 1414300000
